44 28 38 7 17 49 4 46 42 44 9 45 30 27 42 31 23 16 25 5 8 45 31 21 3 5 1 49 13 41 12 19 37 14 42 8 46 18 19 1 44 12 2 39 9 39 11 29 49 19 46 49 8 19 1 6 37 48 13 12 18 49 39 12 34 38 40 16 40 7 5 35 15 5 49 3 36 24 11 25 11 20 34 17 2 45 23 16 35 13 8 30 13 39 16 39 0 31 41 44
2 47 48 1 21 19 30 7 48 20 0 4 21 43 9 18 33 47 34 39 44 46 23 13 31 3 29 16 43 6 18 25 40 14 37 25 15 32 12 38 10 46 9 12 39 7 42 12 44 44 49 15 30 40 7 47 49 48 34 19 8 39 17 26 42 32 16 41 1 43 17 0 16 12 24 19 1 34 29 21 20 30 39 22 46 5 7 33 16 15 26 15 44 32 15 40 24 47 34 47
45 3 7 0 4 0 10 41 34 38 39 6 4 2 47 24 45 39 5 1 27 30 6 5 31 2 11 48 19 12 45 21 30 35 26 35 47 32 43 30 39 22 16 5 19 13 19 40 10 23 0 31 25 1 48 35 37 23 30 3 19 45 24 5 28 26 22 42 10 18 36 13 46 9 21 36 11 45 39 2 47 15 9 17 35 6 10 41 29 30 38 29 24 28 34 5 3 20 3 22
38 30 31 14 46 3 14 28 42 21 26 36 26 44 24 48 26 3 32 46 29 39 21 42 22 29 39 15 31 8 29 1 22 46 23 17 48 36 44 29 25 35 32 8 31 8 36 0 39 16 28 14 17 25 20 14 37 36 41 27 10 39 40 6 49 5 33 30 37 1 25 32 40 9 47 4 30 5 7 0 8 47 45 26 45 35 1 20 40 1 10 6 14 5 26 42 40 43 34 7
24 10 37 48 22 1 13 40 26 2 31 28 48 3 32 17 2 43 18 27 1 19 36 42 8 39 18 31 34 43 28 15 18 48 8 44 18 24 43 9 21 19 48 7 25 33 48 32 45 25 13 17 20 29 5 21 42 10 28 4 28 46 38 37 0 28 49 39 5 35 0 11 0 39 0 23 32 11 39 45 11 31 18 14 6 22 0 16 18 39 28 35 44 17 27 40 20 10 28 10
9 28 26 1 5 28 41 32 2 19 48 15 29 17 31 7 7 41 1 5 13 40 27 36 15 29 14 1 45 48 29 44 48 39 21 27 2 8 25 26 19 10 23 22 43 10 37 3 30 45 21 28 48 9 26 10 3 39 33 36 32 36 34 26 10 1 2 21 29 18 42 26 26 39 40 38 21 49 10 36 14 24 8 37 43 29 23 43 3 34 41 11 39 3 10 22 17 21 45 43
35 44 42 26 11 24 18 36 1 2 30 38 32 8 27 26 48 37 32 25 21 0 22 45 14 13 18 47 18 32 10 49 39 24 35 6 25 42 14 1 0 30 36 33 37 28 23 20 45 34 26 10 33 5 1 35 17 10 22 25 20 23 38 39 43 30 13 32 43 34 13 6 7 30 42 36 31 27 10 12 49 6 39 31 26 44 15 47 21 42 15 11 4 31 17 19 29 0 3 40
31 48 29 33 6 38 46 1 37 46 36 10 24 16 3 36 20 7 32 37 23 30 6 34 43 20 7 8 23 13 16 45 10 10 7 34 25 38 35 44 43 11 23 34 17 47 46 26 43 46 0 6 16 5 18 3 37 2 15 46 22 32 9 30 47 25 40 43 41 23 43 25 24 43 19 6 15 21 16 20 27 28 3 33 26 33 37 41 8 39 31 43 1 1 29 41 40 21 28 20
13 0 49 0 18 41 46 13 8 14 2 15 2 15 6 33 35 19 29 28 33 20 1 49 10 27 35 4 2 29 26 46 48 26 37 40 31 40 6 40 1 43 13 16 37 39 34 15 4 47 22 40 49 19 17 0 1 41 45 49 28 47 38 48 1 37 48 1 37 8 6 5 44 21 33 20 9 21 39 4 19 5 45 31 42 21 12 12 11 38 47 44 1 14 37 37 11 4 26 28
36 13 37 35 16 36 27 49 45 32 1 42 15 27 38 37 41 45 46 49 31 39 21 25 14 42 14 38 6 5 41 35 49 33 12 48 41 29 13 43 17 11 13 25 9 47 13 49 20 34 15 38 8 47 28 1 16 27 43 12 26 38 45 14 4 11 49 6 7 12 40 29 21 43 14 43 22 21 41 25 43 25 7 13 17 38 48 8 0 3 10 48 25 35 18 14 43 43 42 9
14 8 38 27 5 46 2 47 32 45 33 0 26 30 12 19 36 16 1 24 47 14 4 37 29 15 33 8 25 13 28 2 9 39 49 8 3 0 21 20 40 45 22 26 31 32 45 44 37 11 9 48 4 49 16 1 42 45 35 3 13 37 21 44 37 6 17 42 36 32 47 15 26 18 44 13 49 2 35 1 34 35 33 20 6 1 27 42 31 20 24 2 36 35 41 40 2 9 14 49
38 48 28 29 7 46 25 21 1 31 30 37 47 28 35 34 18 47 14 11 47 31 41 48 1 4 13 19 49 13 12 15 37 18 25 31 25 1 24 48 41 3 32 0 40 22 0 42 22 32 13 13 26 39 25 3 32 20 49 21 39 22 39 31 3 43 18 19 19 5 16 44 6 14 2 4 20 45 1 45 36 25 3 15 31 48 4 20 33 39 22 0 7 19 45 2 35 13 23 35
27 17 38 41 38 45 44 32 41 28 3 21 45 35 37 13 3 9 5 6 48 40 12 5 36 22 32 9 21 7 41 44 3 45 19 15 27 3 14 11 11 28 9 46 6 24 27 12 20 45 38 20 17 17 48 2 2 15 29 32 38 20 8 24 20 2 11 49 39 25 36 47 45 20 7 15 22 25 28 2 21 42 37 18 16 43 14 47 10 46 14 8 12 18 49 31 3 23 27 15
37 41 17 4 46 19 29 29 4 20 25 24 40 11 31 19 0 19 4 16 47 25 2 35 41 42 38 39 18 11 23 18 22 11 21 32 13 18 37 21 35 13 28 45 49 13 0 32 9 13 39 7 19 23 32 9 6 31 32 11 23 38 2 36 49 21 40 21 7 27 0 39 13 42 29 6 26 38 43 2 11 38 35 10 35 26 33 34 33 10 46 17 22 17 3 2 6 24 38 8
20 17 8 40 22 2 23 37 1 0 26 30 22 26 4 37 25 11 46 43 35 43 40 32 35 1 19 20 7 49 9 15 40 25 6 12 48 40 47 36 35 42 3 6 31 31 9 46 37 45 10 19 48 5 30 42 1 5 13 6 7 35 42 8 12 36 41 1 9 33 19 13 39 37 17 12 6 49 40 28 28 29 39 24 11 5 15 43 38 9 41 19 21 21 21 17 23 5 36 9
27 25 9 38 16 27 21 37 1 11 36 27 48 13 49 14 3 7 19 39 7 33 5 9 23 38 40 31 35 30 18 49 1 33 22 15 40 40 31 20 0 28 1 33 44 3 1 26 6 7 6 2 0 2 19 46 49 22 35 43 0 20 43 14 27 48 2 28 15 19 1 44 14 29 3 46 1 43 34 28 48 12 5 6 9 26 31 45 42 0 39 7 28 33 19 20 23 22 4 29
1 15 22 38 23 49 36 40 22 15 49 35 37 21 38 2 46 32 0 14 46 9 2 17 33 49 5 11 23 17 44 39 2 27 22 5 46 21 1 0 5 32 49 30 14 38 21 38 13 37 34 37 4 41 11 27 26 40 1 43 19 35 2 24 4 2 29 41 49 12 29 30 48 25 48 49 44 17 38 28 5 46 24 27 21 5 29 0 31 16 24 17 42 16 43 3 25 41 42 11
4 8 48 2 45 17 22 31 33 49 2 15 34 29 43 23 37 32 47 42 23 48 34 41 1 31 36 18 45 5 24 41 29 31 37 28 10 37 3 20 34 46 28 13 26 28 38 10 29 10 29 37 3 15 24 0 44 15 25 42 30 24 16 16 23 29 6 1 32 26 4 21 30 47 44 3 27 44 37 37 49 14 4 22 5 23 9 12 38 5 6 22 11 18 10 32 27 21 42 42
6 34 39 18 3 16 39 18 49 3 38 11 27 20 34 12 22 25 21 38 48 34 19 12 7 11 19 41 28 5 20 30 43 41 49 14 15 22 21 39 14 19 23 10 10 9 4 43 6 17 10 17 38 19 7 5 16 26 45 42 45 33 49 2 32 33 9 25 17 0 25 0 0 28 40 15 48 26 12 15 23 48 2 39 22 26 34 33 37 36 28 2 48 41 3 6 26 7 8 13
49 36 39 11 43 3 47 35 4 47 1 42 44 21 44 22 16 18 7 37 24 13 20 35 38 36 7 18 46 43 14 4 28 17 23 9 21 13 49 36 21 44 1 37 25 42 31 27 5 26 24 8 32 21 3 48 25 44 26 24 48 47 13 27 43 37 7 19 14 38 9 28 34 34 48 6 13 13 47 25 34 2 4 40 43 22 32 3 38 20 20 47 42 17 33 11 15 35 47 9
47 23 37 8 43 10 34 43 11 30 25 46 14 13 5 7 6 12 48 26 6 12 18 45 16 5 47 29 5 41 39 8 40 25 42 33 4 1 6 48 19 1 49 39 13 1 6 34 19 26 11 41 49 4 45 19 23 34 2 24 34 49 44 10 21 27 24 3 40 49 31 8 31 27 5 32 48 34 26 10 43 11 10 49 16 16 28 9 14 38 4 15 31 5 48 14 30 21 26 41
2 24 15 6 31 18 45 12 8 14 49 45 6 20 4 25 1 21 8 36 6 35 0 47 11 43 18 1 16 32 12 48 0 4 43 22 8 28 38 10 27 18 36 19 15 12 40 11 48 42 6 12 35 31 11 19 24 33 27 11 2 23 45 4 18 20 25 30 1 41 30 27 41 1 43 49 43 43 36 34 45 21 25 22 30 49 44 34 13 34 13 11 12 7 1 3 15 17 6 37
34 35 27 2 39 27 38 16 25 34 7 44 47 7 17 10 30 37 2 47 18 43 47 39 17 35 25 16 38 17 36 21 12 11 32 42 46 21 45 45 3 2 14 34 19 37 31 43 5 21 28 39 42 48 36 16 2 1 17 32 25 22 31 44 49 49 5 24 28 47 5 32 1 31 27 5 1 11 14 31 19 12 27 3 26 25 6 4 9 46 5 47 12 26 15 6 13 44 25 12
16 7 21 24 9 3 32 48 37 35 35 11 23 14 49 37 18 36 15 7 8 23 4 24 6 20 11 42 40 18 39 33 20 31 3 14 18 9 17 39 26 19 15 10 28 19 17 24 15 35 44 30 12 11 35 1 46 6 40 18 44 13 46 18 37 8 1 30 4 12 37 1 34 15 46 29 9 8 20 7 6 0 34 45 22 30 25 29 39 5 26 14 16 22 43 6 9 39 3 27
33 8 30 28 34 49 31 35 27 36 31 13 18 36 24 4 42 37 34 33 25 49 38 33 35 48 12 49 0 5 0 23 39 44 14 25 9 11 43 5 14 4 8 4 27 1 9 38 49 37 45 10 40 19 7 20 34 49 18 31 38 22 43 39 16 44 48 36 45 44 29 27 22 47 4 43 9 4 24 46 43 32 20 3 38 33 34 12 33 24 21 18 13 45 0 14 22 14 48 12
19 34 23 3 11 20 44 49 5 17 46 14 7 29 29 34 47 11 21 17 12 30 8 14 35 34 24 25 34 24 37 36 20 3 38 49 11 15 46 25 48 9 49 32 49 1 32 44 24 15 30 21 36 33 36 11 38 7 31 36 15 33 43 23 5 31 32 7 23 14 17 28 25 43 19 1 4 47 32 18 34 20 9 28 20 44 47 44 27 34 17 41 13 37 17 27 46 23 33 16
37 15 5 0 40 15 29 3 43 37 40 9 47 49 4 18 42 26 26 29 42 35 23 42 6 12 4 1 27 10 26 9 1 17 26 22 15 12 49 6 49 14 4 44 43 43 18 18 15 5 34 11 7 49 17 40 48 39 9 8 5 21 16 22 20 22 1 25 25 16 4 11 0 36 7 29 44 1 25 10 49 8 37 32 30 17 11 3 28 4 25 21 14 21 36 5 26 27 5 8
2 13 49 0 14 8 29 21 43 1 31 4 49 31 22 39 36 25 40 20 6 20 39 18 45 5 16 20 29 48 17 19 25 33 31 34 26 0 44 45 34 28 48 14 30 2 43 29 35 15 35 40 44 41 19 31 25 47 5 14 40 9 36 37 31 19 38 31 36 43 35 35 8 42 39 35 4 8 39 39 35 17 13 15 12 34 39 27 30 15 39 40 34 1 0 34 32 19 30 10
13 6 36 37 32 34 4 33 25 27 12 26 45 42 45 45 18 6 24 3 13 14 49 25 44 27 19 2 49 31 3 34 49 2 11 19 38 46 10 4 18 36 49 10 12 7 24 37 24 10 35 18 14 30 29 48 8 5 31 43 31 28 42 19 32 44 10 22 28 29 30 47 33 34 2 0 28 12 0 32 41 1 31 45 37 14 28 13 18 12 28 36 19 33 22 11 1 44 36 42
16 49 2 31 0 28 21 41 47 40 16 43 11 36 28 12 33 30 12 15 43 30 27 33 21 28 6 39 46 6 3 9 41 11 8 40 3 21 0 21 18 45 34 35 38 49 15 4 14 16 38 39 12 2 33 18 42 23 31 27 25 18 43 33 37 34 27 16 18 33 24 23 40 37 17 13 49 30 4 31 33 17 29 2 14 11 5 10 5 14 48 13 23 38 6 42 10 29 22 15
42 27 16 37 4 18 16 35 33 36 37 3 48 13 21 25 3 26 13 36 27 24 31 34 12 24 41 24 26 8 32 34 44 19 31 3 46 31 12 9 33 35 43 26 37 38 48 11 37 43 26 8 34 43 1 16 4 37 42 17 29 18 16 14 35 22 6 3 1 6 36 30 37 43 42 41 23 24 17 8 5 16 31 17 40 35 35 33 33 22 47 47 23 38 38 49 16 2 4 38
33 33 33 40 6 14 5 44 16 30 24 16 44 42 17 27 0 8 44 9 43 21 1 31 17 48 23 1 20 1 34 40 5 19 37 23 14 11 48 10 37 18 8 42 25 26 1 32 5 6 19 25 14 26 47 25 30 13 0 41 11 14 6 19 13 18 49 48 10 39 12 32 46 45 46 0 0 1 0 30 0 0 34 0 26 49 2 15 11 32 38 44 22 41 40 16 12 39 14 0
0 10 11 0 34 45 22 43 48 31 12 26 39 6 47 25 39 40 22 15 26 26 22 38 31 28 8 1 21 9 40 2 24 37 35 45 45 3 9 18 0 20 5 38 23 4 24 33 5 1 20 31 39 37 30 15 20 32 24 3 44 38 19 31 6 25 38 21 37 47 11 4 6 15 23 40 5 15 46 5 11 13 6 2 37 18 33 4 31 32 19 14 9 24 31 45 25 20 3 49
17 18 11 30 44 48 17 33 38 24 0 14 21 45 9 3 14 38 10 26 25 38 32 39 27 2 23 22 47 38 47 14 36 5 12 1 41 48 40 32 43 33 8 34 39 15 48 6 24 24 20 12 20 38 49 38 11 10 22 4 25 28 39 5 22 45 43 2 42 34 20 12 47 4 38 26 32 9 7 30 27 16 48 42 39 30 45 8 22 17 13 26 36 23 12 12 12 16 45 1
49 2 47 7 44 45 10 4 34 39 42 5 27 42 4 15 14 6 38 3 30 17 10 49 34 42 41 43 19 32 47 10 36 26 47 10 13 16 0 49 18 37 7 17 37 42 3 27 9 16 7 46 31 29 38 5 8 35 37 49 36 31 39 21 40 10 15 33 45 33 2 34 14 11 15 14 37 5 42 17 38 46 49 40 6 8 39 21 4 15 39 9 16 14 9 32 39 24 33 6
34 25 39 3 10 15 6 5 15 9 18 38 28 16 43 22 9 30 14 22 2 1 8 48 4 15 14 22 2 16 33 8 25 4 5 4 46 25 12 7 49 14 45 24 9 31 29 1 11 47 11 35 34 10 30 41 12 11 15 13 6 31 18 44 30 49 39 5 18 44 3 37 41 27 33 31 1 3 25 18 43 9 9 46 0 22 4 47 7 16 40 25 48 12 15 7 19 23 38 44
37 3 29 3 14 11 46 2 46 8 26 8 25 44 21 18 4 44 45 16 38 0 10 38 30 32 48 22 4 17 24 20 49 19 36 48 30 37 6 39 3 40 10 43 5 30 34 4 40 29 27 4 11 34 10 34 3 35 10 26 22 7 29 27 18 18 38 34 48 3 26 25 48 32 1 38 17 21 35 29 4 47 37 5 19 41 34 38 30 42 1 34 7 39 35 7 45 47 18 14
24 15 9 2 35 30 13 42 40 40 22 30 39 39 18 45 29 9 2 1 31 23 45 48 35 40 18 37 44 21 29 35 7 17 13 23 13 18 22 17 5 38 17 34 38 1 26 18 33 2 25 38 27 12 3 4 27 34 16 2 13 4 3 27 29 12 7 14 48 42 30 30 36 17 25 30 27 7 29 38 17 19 22 48 32 2 37 26 29 27 27 48 9 20 11 4 21 6 1 9
2 26 42 41 19 19 38 29 9 28 11 0 2 25 17 12 34 7 22 18 41 10 36 21 4 21 20 37 21 4 6 25 11 47 18 26 38 4 25 21 8 4 42 30 20 28 49 30 6 38 21 36 1 25 30 2 0 35 18 44 20 11 41 13 30 0 10 27 4 42 49 0 36 5 42 22 39 32 19 12 20 3 2 3 42 8 32 46 32 0 20 35 44 30 22 24 31 33 36 8
42 17 22 3 46 35 49 4 33 26 17 4 14 21 22 25 31 9 41 30 26 11 21 29 42 9 49 31 38 38 39 16 40 31 43 21 9 11 27 21 37 8 13 39 10 35 10 44 10 21 20 28 23 43 12 33 21 6 23 40 13 1 43 22 20 2 31 47 40 31 34 1 19 43 16 44 17 3 39 18 4 0 32 13 37 12 21 23 33 44 0 14 46 10 9 3 46 3 8 36
31 34 46 41 30 28 38 11 40 17 10 16 22 13 39 32 39 25 21 37 28 36 43 49 28 2 40 49 5 19 10 21 2 40 7 33 0 23 25 27 25 26 41 4 10 48 14 38 6 38 28 10 9 29 23 7 11 37 48 5 36 25 44 1 28 32 24 49 17 43 28 26 11 9 40 26 21 27 7 30 13 26 3 47 9 45 48 16 11 3 2 33 38 35 23 42 26 23 45 42
47 10 36 28 10 41 18 44 11 48 44 6 37 33 5 35 29 21 25 31 39 7 4 48 22 21 21 24 49 1 34 41 23 28 42 1 21 28 1 0 19 34 1 49 29 17 21 15 18 24 26 16 30 45 39 39 11 12 22 37 44 28 28 49 46 43 12 43 48 30 17 46 30 32 39 48 25 8 11 33 24 26 40 44 3 5 8 6 17 12 32 21 40 9 17 15 3 39 22 21
1 34 35 18 44 15 9 41 27 16 7 42 23 39 6 11 32 37 0 34 39 24 28 25 1 12 49 41 6 43 7 16 3 24 36 12 5 31 10 22 1 19 28 44 35 46 44 3 44 16 22 13 2 36 39 20 40 3 43 2 3 8 38 42 43 8 11 1 43 25 18 21 18 30 37 4 23 47 18 3 49 10 0 32 37 18 41 49 31 17 27 28 30 22 31 30 20 8 6 23
22 23 29 35 26 18 22 21 5 27 7 4 8 43 29 34 10 19 48 26 5 49 45 27 9 27 4 30 33 17 3 45 34 24 36 22 19 26 22 21 31 47 12 31 17 28 26 49 26 32 26 10 28 43 11 5 7 33 47 5 20 36 21 11 24 27 47 40 12 9 36 41 28 48 34 35 4 21 39 3 42 0 5 27 3 21 0 21 9 45 23 36 6 39 41 44 38 40 30 9
10 38 46 26 12 33 3 12 49 30 5 1 40 31 8 35 35 32 2 36 5 49 2 32 47 7 22 46 0 41 7 37 28 36 45 28 8 37 36 19 33 2 9 16 28 2 34 1 5 9 23 23 13 46 13 10 29 32 44 20 30 21 38 11 23 14 15 46 46 35 0 7 28 45 1 14 1 39 23 4 12 45 45 32 18 17 41 49 19 24 42 4 47 7 18 6 4 43 21 5
13 20 24 15 30 15 21 34 15 3 16 49 3 28 27 38 43 17 17 34 4 44 25 5 23 8 33 1 41 34 18 16 11 2 44 4 49 5 30 3 7 37 1 15 1 49 27 11 21 30 30 39 26 46 13 47 26 45 24 36 19 20 5 37 14 10 6 17 3 6 5 37 18 34 7 11 48 22 46 12 49 38 11 1 40 39 33 25 23 28 12 34 23 10 49 39 29 39 37 35
15 26 31 25 11 33 0 19 36 25 11 47 48 17 23 43 7 30 23 7 44 33 9 2 26 1 18 14 11 48 9 35 38 37 39 20 17 20 40 6 5 4 27 0 41 37 40 29 3 13 43 43 41 47 49 39 17 33 16 44 31 27 25 34 31 30 14 7 25 27 9 0 44 11 29 19 5 5 17 16 37 42 18 7 7 8 48 1 18 32 27 32 17 5 40 7 47 37 14 13
7 49 8 17 32 0 34 40 13 18 34 18 41 35 46 6 31 11 48 27 2 42 31 6 15 43 30 49 25 29 3 4 22 37 46 36 36 35 4 28 28 15 24 48 29 23 4 24 25 44 29 31 45 26 12 22 30 4 49 44 2 32 30 13 23 28 0 20 33 6 17 42 40 49 17 46 44 23 4 6 5 0 17 38 31 18 14 27 27 11 11 35 34 0 18 23 48 11 36 47
0 34 34 41 10 22 13 41 18 14 42 1 39 5 4 46 4 43 22 29 18 16 44 44 33 47 20 38 0 36 17 38 3 47 34 46 33 34 17 5 42 10 38 24 6 24 29 30 7 5 17 36 37 32 1 43 44 19 33 16 45 38 34 38 16 26 47 22 34 15 41 23 11 45 33 33 35 28 18 32 42 30 43 0 6 43 6 49 42 27 40 2 25 34 23 11 32 0 11 13
13 39 40 39 8 18 39 18 28 44 4 17 10 48 33 11 21 41 2 47 42 44 49 45 28 3 8 11 13 24 12 40 22 8 10 3 8 17 40 37 25 35 10 33 17 3 17 29 48 30 32 48 15 6 2 44 31 42 39 39 16 47 37 9 11 19 41 44 27 21 4 32 21 19 35 9 7 29 30 1 23 17 49 3 8 45 30 18 18 24 31 4 32 46 25 2 17 6 43 4
24 41 4 18 42 27 33 49 1 33 17 6 22 9 44 40 39 46 38 40 30 35 36 0 28 18 16 43 41 9 22 33 16 36 28 21 1 31 22 2 34 25 37 19 39 0 45 34 34 26 25 10 22 5 8 39 40 28 48 5 35 4 42 4 41 13 37 11 31 16 21 10 25 27 17 5 16 46 38 32 20 6 30 39 43 15 9 49 31 7 44 43 41 30 0 1 42 1 32 42
37 30 25 25 29 28 44 49 15 5 7 4 19 34 44 37 46 40 26 21 21 22 37 49 1 21 2 45 43 45 44 23 49 16 25 14 21 13 41 13 29 45 49 35 23 22 20 2 34 9 44 26 13 18 29 3 44 30 18 5 20 12 27 12 16 17 36 12 47 9 46 26 15 47 32 49 44 6 16 0 13 47 4 1 5 10 48 25 30 20 9 28 31 22 2 7 11 20 39 33
2 8 34 14 30 42 29 15 10 30 6 8 33 38 1 20 2 34 35 49 37 7 13 42 4 30 46 36 13 28 45 16 13 14 31 19 49 44 16 27 25 35 24 7 28 32 25 45 29 42 30 16 17 40 13 1 18 27 18 40 47 36 1 44 0 43 5 28 9 44 38 35 6 10 24 42 49 28 1 13 21 22 28 13 23 8 45 31 6 46 0 48 7 48 38 45 9 32 16 29
7 15 8 7 29 46 31 38 45 2 24 35 16 11 47 12 7 20 39 9 44 12 23 21 44 38 19 44 32 48 46 21 25 41 3 32 36 41 29 18 30 13 49 37 12 19 22 39 4 43 9 20 10 18 33 10 46 20 34 3 31 5 21 36 11 45 35 19 49 24 4 2 10 17 44 3 9 3 46 14 35 21 6 44 16 49 28 32 44 12 9 47 24 1 15 7 40 37 38 5
3 0 5 48 19 25 38 30 15 48 12 27 43 46 26 35 3 23 33 49 34 36 21 42 41 11 26 10 5 49 35 21 47 19 15 47 5 20 18 23 15 46 28 48 33 23 11 27 40 5 40 36 15 10 39 13 15 21 42 35 31 40 44 46 33 31 42 39 8 42 32 8 0 33 22 2 27 2 19 6 21 31 31 4 16 10 38 25 26 39 43 7 46 3 39 6 35 4 27 16
41 48 17 15 36 19 26 17 1 22 37 40 46 39 24 37 5 48 27 49 36 13 32 42 8 21 17 19 8 26 3 8 20 49 8 33 4 13 10 4 25 22 19 14 15 43 26 18 16 37 0 27 44 34 14 4 9 31 24 37 26 32 41 0 9 45 4 33 39 48 27 33 8 4 14 39 41 14 7 48 47 12 14 30 35 20 15 22 2 47 39 45 4 4 49 33 42 44 48 30
44 1 16 17 43 10 45 26 17 15 14 40 18 47 6 0 23 41 18 22 13 18 14 38 21 45 39 37 21 5 47 43 20 10 42 48 0 26 4 15 2 11 20 38 19 39 14 24 27 10 36 12 48 30 43 30 31 0 1 10 9 43 28 10 49 42 24 6 24 16 36 41 4 15 40 3 47 15 15 42 14 40 13 13 36 30 21 38 38 48 11 17 43 36 33 33 41 13 4 27
35 20 20 42 26 12 42 2 37 17 49 39 6 8 28 8 48 20 34 44 31 38 19 3 1 43 3 16 47 28 20 46 24 45 1 29 6 44 38 13 31 17 7 4 18 21 40 26 22 20 31 0 18 4 7 38 44 25 38 18 31 47 17 19 23 28 39 2 21 23 29 12 33 9 4 49 23 16 9 44 22 18 47 20 32 37 34 15 49 11 18 19 43 4 40 30 46 45 34 16
40 33 37 30 8 24 31 21 22 1 16 12 18 13 30 12 44 13 5 1 33 33 13 3 23 5 19 8 4 17 27 32 35 48 2 26 31 36 19 23 36 15 0 32 41 5 35 37 38 38 16 11 40 38 47 25 20 16 41 45 41 26 46 19 39 18 11 26 35 38 38 11 10 11 43 27 37 18 27 46 45 39 30 38 37 40 10 12 43 0 13 45 49 1 18 8 27 20 41 47
15 36 2 7 49 1 39 44 18 26 7 29 37 48 7 48 28 24 28 1 39 2 7 22 40 14 9 45 40 37 42 1 8 14 3 0 10 19 28 25 49 32 10 25 31 27 30 36 43 14 0 3 37 30 25 32 6 5 19 22 30 0 12 31 40 7 37 0 46 41 49 16 37 24 15 15 47 9 22 0 35 18 12 19 8 25 0 29 9 27 14 44 34 46 30 4 3 1 2 30
19 40 20 44 1 3 41 30 26 15 41 3 18 44 33 27 14 3 32 13 43 44 35 37 37 25 11 28 29 40 36 27 28 27 16 47 39 19 42 24 29 15 44 35 17 0 33 36 37 32 15 38 15 1 20 22 19 38 5 40 27 46 37 46 35 21 44 24 47 4 30 42 4 30 14 45 15 23 32 34 2 16 6 23 29 23 22 0 11 39 49 25 9 12 27 10 2 17 8 24
38 37 16 27 28 25 31 38 42 25 31 46 9 24 49 11 31 27 25 35 38 42 45 34 31 43 7 46 43 4 0 3 45 21 2 27 16 49 9 46 43 13 37 39 17 18 18 43 48 31 21 44 18 31 19 2 48 28 6 43 5 36 49 31 1 24 32 7 45 22 41 43 20 30 45 5 15 25 31 12 6 37 41 19 44 29 35 23 43 23 16 22 22 46 41 13 29 7 44 10
23 32 7 12 44 17 19 7 10 2 38 22 3 22 42 27 32 7 26 21 39 17 22 32 17 11 44 37 49 0 32 0 14 7 1 47 49 18 44 7 33 16 12 7 0 10 22 12 21 40 12 41 16 25 8 19 12 14 45 47 41 40 28 9 0 48 1 0 2 30 14 45 36 40 44 2 29 10 9 5 4 44 13 49 6 45 1 8 35 16 40 1 18 19 36 42 14 4 17 41
39 0 46 6 6 40 17 2 45 31 16 0 17 39 38 10 27 7 16 41 0 3 16 17 35 29 19 44 34 41 20 3 22 15 23 36 20 42 35 25 43 18 39 19 27 30 22 20 31 19 23 24 8 13 5 1 46 36 30 24 27 27 32 48 5 29 42 6 29 14 5 25 13 23 37 40 25 21 43 11 20 28 22 46 17 39 40 27 25 2 7 3 39 31 5 19 16 41 16 49
2 9 32 32 19 6 13 36 40 30 5 20 49 39 45 20 1 49 44 42 25 6 17 14 14 29 25 28 12 34 8 30 48 32 18 46 23 4 32 0 35 30 1 26 37 38 20 34 3 29 23 1 26 47 19 19 31 38 5 23 28 24 8 1 5 42 48 17 34 37 39 25 1 23 8 21 30 1 4 9 10 24 29 13 14 0 42 34 27 25 23 28 7 20 4 47 11 37 39 19
25 31 16 4 42 46 49 45 6 31 2 19 48 1 45 37 17 22 37 4 25 20 34 32 17 26 26 8 45 33 44 25 2 30 35 15 23 43 45 33 19 42 30 17 1 28 9 11 42 38 38 11 22 31 46 1 27 19 44 33 47 18 7 21 18 44 25 19 3 22 17 47 33 21 25 30 33 12 10 20 37 38 5 4 11 42 43 12 14 7 2 48 46 19 22 47 26 6 6 16
46 40 24 24 34 36 19 2 32 40 24 22 22 5 32 8 3 16 42 42 39 36 47 5 46 43 19 24 41 8 34 33 22 31 13 1 26 17 6 16 23 10 24 25 5 39 24 39 0 45 37 40 28 1 19 7 0 6 5 43 22 47 11 39 7 40 42 33 25 37 29 16 2 35 15 14 9 35 21 29 15 41 6 24 48 38 23 3 8 5 3 47 11 48 16 9 47 23 46 23
36 44 12 31 45 1 3 27 15 19 45 33 43 39 17 1 11 35 4 13 27 5 30 49 21 48 33 41 46 30 13 47 26 31 21 35 41 27 18 15 11 43 47 9 13 1 31 19 11 33 15 45 44 4 47 49 1 41 16 27 12 0 39 45 22 39 25 45 7 15 47 8 7 47 28 30 47 1 42 20 11 12 38 16 22 37 21 18 25 16 6 23 34 20 42 16 1 30 44 16
1 6 18 19 33 11 48 34 12 46 49 6 41 22 19 42 26 4 7 48 31 7 24 45 29 44 30 29 4 6 4 31 2 36 9 20 40 11 27 46 43 14 25 1 13 46 10 5 18 7 15 30 9 0 34 40 20 41 23 0 23 11 3 17 1 18 46 23 20 10 20 23 12 17 31 22 47 32 5 12 38 47 16 46 28 31 47 46 49 34 48 17 27 35 39 23 30 12 27 11
11 46 13 22 16 16 30 45 11 13 29 21 27 11 37 9 48 8 37 35 26 42 37 35 17 45 14 33 31 27 9 0 31 15 23 7 43 11 43 6 30 22 6 19 29 23 34 21 16 27 37 42 32 43 13 4 24 39 42 41 18 2 11 36 12 20 35 33 11 43 22 12 22 17 7 45 31 11 3 19 46 25 21 4 4 19 17 32 10 31 19 10 24 10 25 3 37 28 34 0
7 44 3 32 11 13 6 35 8 33 38 6 45 28 24 9 23 5 19 19 21 21 10 33 17 7 9 23 8 0 33 35 41 15 18 0 24 0 22 20 3 14 32 8 11 36 22 9 39 32 40 21 22 8 27 32 14 8 18 35 16 6 14 12 4 28 44 27 43 18 36 20 24 29 7 24 31 39 13 49 25 33 40 7 26 6 31 29 28 4 46 2 42 46 41 32 32 0 21 27
32 49 12 38 32 4 46 18 35 16 37 31 46 38 38 33 10 40 31 6 3 5 18 34 48 44 29 34 31 8 41 9 36 11 19 12 47 24 9 22 36 1 21 37 34 35 2 49 25 15 38 17 0 38 33 27 13 13 21 44 28 42 14 20 42 48 5 42 6 41 1 48 3 20 25 6 8 36 33 27 44 9 29 6 16 19 30 38 39 49 45 18 13 8 34 14 33 26 10 8
4 18 39 38 32 41 32 2 39 35 26 34 4 20 4 36 8 0 32 0 29 7 9 16 1 20 29 38 5 23 25 22 26 40 11 46 42 20 40 45 8 42 6 43 49 36 32 30 49 30 8 43 19 23 19 2 5 8 16 9 11 18 6 22 34 34 17 41 29 4 4 2 48 2 30 1 31 25 31 0 49 33 3 21 30 5 20 34 8 49 34 25 39 6 26 17 25 7 43 6
26 44 22 26 37 49 46 8 24 2 47 7 16 21 5 44 33 46 4 46 1 46 37 43 16 9 9 28 35 46 26 33 10 5 9 0 7 8 27 41 30 19 34 7 44 28 43 6 10 6 14 31 21 19 26 6 29 28 45 20 23 4 18 8 41 26 49 29 46 28 15 40 45 48 47 21 2 2 35 25 28 16 14 25 19 17 44 42 0 15 48 47 26 25 32 36 42 44 10 8
26 8 38 32 22 17 5 9 36 45 32 16 29 3 38 45 38 26 4 17 16 19 22 37 8 20 49 24 2 40 44 6 6 30 34 17 2 38 10 23 4 29 8 26 18 5 0 25 5 26 42 24 10 45 37 43 5 8 16 11 33 39 49 10 15 27 36 37 1 42 3 34 39 2 7 17 1 27 2 45 40 14 39 36 10 2 38 43 21 40 11 14 35 15 7 25 33 45 6 27
33 16 7 38 18 42 8 9 47 2 1 32 29 43 40 27 23 42 34 25 34 23 23 9 36 23 44 29 22 18 15 29 21 20 15 4 47 45 43 34 36 4 37 35 23 6 36 19 5 41 16 15 19 11 30 34 33 24 17 10 10 15 46 34 38 11 41 23 7 25 31 44 42 11 13 5 28 31 45 17 31 41 43 27 18 2 8 10 41 9 26 7 6 2 0 42 27 8 38 26
9 3 49 19 35 44 45 43 29 7 28 35 12 20 40 21 12 29 23 45 42 39 1 41 12 28 10 26 48 3 37 17 0 38 26 10 10 19 2 9 20 5 32 2 41 10 12 49 26 15 31 12 42 14 43 41 36 32 32 13 48 44 29 5 17 18 41 49 5 32 19 39 37 13 29 40 37 47 29 31 45 31 12 20 7 27 22 40 38 10 1 31 30 9 22 48 42 20 41 26
48 49 47 40 9 3 6 12 46 12 33 2 44 3 11 2 21 26 41 39 14 22 45 16 19 49 7 47 2 15 14 26 15 40 9 41 12 45 5 12 9 48 46 30 47 29 29 6 34 33 31 36 23 27 7 31 46 3 11 43 9 40 1 45 14 24 16 13 46 28 47 43 45 41 22 27 34 3 3 22 40 42 6 12 38 33 8 21 10 31 1 2 8 5 49 36 34 1 9 13
13 32 20 4 24 9 8 47 27 15 31 5 44 21 2 29 47 10 2 49 45 46 41 0 33 14 26 11 3 24 45 3 46 13 4 5 1 8 42 48 34 27 0 42 36 0 7 42 48 0 25 38 9 8 43 17 42 20 0 17 4 29 11 19 23 35 12 46 27 10 12 22 20 38 32 38 10 9 48 8 49 40 39 1 33 9 31 15 34 7 26 17 4 36 25 21 37 45 36 0
25 5 12 7 42 20 1 5 13 13 49 7 32 39 15 44 23 2 5 46 13 20 48 16 1 40 29 42 17 8 10 35 24 45 6 20 47 11 6 14 30 39 47 45 19 39 47 26 5 45 26 5 8 4 38 12 30 47 0 18 24 43 29 6 16 29 30 43 0 39 42 28 5 38 12 32 9 10 20 34 42 42 46 14 38 40 10 15 39 17 17 18 24 41 27 17 16 39 2 34
46 23 40 33 34 19 45 29 43 6 31 31 9 3 19 15 45 42 3 5 44 20 23 14 8 35 30 5 23 48 40 28 44 39 36 17 22 30 45 33 34 37 45 21 9 21 49 47 15 10 3 35 28 15 48 45 27 1 15 30 31 38 20 21 19 11 4 11 46 7 29 36 39 19 29 5 19 29 3 11 3 11 4 0 5 14 41 20 32 29 10 8 47 17 46 15 40 7 24 17
26 4 36 2 4 24 38 15 29 45 7 30 8 25 34 30 46 33 13 42 17 12 28 32 29 23 7 45 42 20 22 47 5 48 1 8 23 5 32 24 21 34 22 16 47 23 18 24 45 41 13 34 27 23 13 35 26 17 24 9 15 2 13 31 46 5 16 48 19 3 11 15 48 8 15 35 36 40 39 48 12 37 13 40 8 13 45 22 48 24 34 14 14 24 19 23 37 40 48 9
34 11 21 46 47 8 11 40 43 32 29 2 39 30 34 18 13 25 24 36 0 20 0 32 8 40 35 9 27 26 42 1 8 39 36 20 16 30 7 29 5 20 21 27 35 45 21 20 7 30 24 1 47 20 38 22 41 28 13 20 4 4 10 17 27 45 19 19 4 19 19 30 30 37 36 8 19 20 5 29 17 6 49 23 32 30 24 25 0 20 19 9 14 2 12 45 9 31 26 31
35 23 21 9 13 39 4 1 43 8 37 39 2 37 33 28 9 5 40 39 7 4 18 16 27 27 8 15 0 27 48 49 20 36 46 39 43 38 26 2 23 47 30 2 44 34 17 19 33 45 33 11 11 16 13 24 18 12 16 11 25 4 20 49 30 48 40 40 9 32 49 12 46 12 44 12 48 1 12 9 25 16 27 40 21 6 32 31 15 2 47 12 32 6 17 3 17 35 47 24
32 9 1 11 14 31 7 46 32 49 3 33 13 49 3 4 36 19 49 36 45 49 48 16 26 10 1 46 18 25 24 29 32 20 5 35 26 20 16 44 23 20 47 16 32 1 10 40 4 46 7 12 20 38 32 34 31 36 38 20 5 32 11 23 39 17 49 17 12 49 26 4 44 18 42 42 4 46 42 18 36 8 6 10 21 41 7 43 30 18 46 15 34 26 28 21 4 43 25 20
19 4 41 18 24 23 43 38 4 22 5 41 19 22 30 32 13 3 32 43 41 26 8 17 22 33 16 6 44 21 34 26 44 7 31 47 9 15 2 29 15 0 9 35 26 17 33 10 13 2 40 14 41 8 29 5 32 21 49 33 26 39 10 39 27 39 34 28 33 45 6 40 27 17 11 42 21 22 15 42 24 5 11 22 41 29 33 22 30 23 46 8 47 32 46 12 39 31 37 39
46 41 46 42 20 2 43 0 48 37 4 22 26 21 36 18 17 22 0 16 31 4 28 23 33 22 27 18 0 16 48 44 44 45 34 27 16 46 6 24 26 6 18 35 14 26 20 38 42 43 47 5 35 48 14 34 27 12 39 29 42 6 27 34 46 7 43 41 9 46 9 2 28 8 1 13 26 44 22 24 32 33 35 2 31 23 32 3 17 33 24 13 41 16 16 19 29 31 21 17
6 34 8 31 38 35 27 35 41 37 42 14 19 29 14 26 37 41 2 32 5 47 43 12 12 34 45 20 16 47 15 30 41 3 39 45 31 36 32 48 40 20 43 21 23 4 24 14 18 2 40 7 30 32 32 19 0 49 14 2 8 36 23 34 36 47 23 22 6 26 24 43 21 43 20 2 22 45 34 47 8 33 24 17 17 17 37 23 6 37 27 38 44 24 30 6 29 42 47 1
30 28 16 15 47 42 11 0 24 44 34 21 5 28 42 12 18 41 21 3 27 38 31 29 34 17 7 42 43 12 25 27 20 36 15 28 44 21 37 39 21 12 35 43 25 49 49 38 24 27 11 3 32 2 37 44 30 8 15 33 5 1 16 46 10 47 37 18 15 29 49 17 9 9 3 7 40 11 23 24 39 5 19 13 26 9 11 37 8 25 36 9 29 13 9 8 38 33 46 21
39 31 43 28 32 36 37 1 24 15 24 24 9 34 35 11 5 9 4 47 14 38 33 8 24 39 35 2 42 32 2 14 20 36 21 8 48 20 40 27 22 8 23 16 15 18 39 45 40 16 13 18 21 44 32 37 40 33 18 29 18 40 46 0 10 38 22 14 0 16 44 41 30 19 34 19 1 41 2 49 27 33 44 26 36 17 8 8 32 3 27 14 7 25 30 15 12 22 22 17
19 45 22 22 26 9 12 28 11 36 5 38 17 22 13 13 32 42 22 30 15 26 40 14 15 3 48 30 49 44 13 22 21 25 43 22 45 13 24 33 39 11 4 30 28 31 27 42 29 18 41 46 39 43 32 41 0 3 18 44 6 12 22 13 0 48 45 26 0 11 45 11 31 46 33 45 13 47 49 42 8 15 33 31 5 2 30 34 4 17 18 32 14 26 1 30 0 48 19 41
12 21 2 19 4 17 21 48 4 28 20 47 38 28 43 43 12 34 10 0 45 17 1 28 14 35 13 47 43 15 15 24 9 1 39 44 38 31 23 27 40 0 34 22 18 5 34 11 15 39 27 12 5 35 20 21 13 43 5 19 35 26 22 14 33 3 9 31 24 2 25 36 7 7 49 19 3 12 38 35 22 12 2 30 39 42 35 24 44 19 21 24 41 8 7 21 35 15 41 30
0 1 17 48 49 9 6 28 22 44 48 7 30 16 32 1 23 34 1 16 34 29 7 38 41 34 4 3 40 31 28 31 40 19 42 23 28 28 19 36 42 41 45 36 8 48 1 0 0 1 43 23 22 41 3 42 28 3 6 19 41 17 16 14 2 16 48 43 29 40 10 2 11 28 38 5 35 45 45 3 18 16 38 2 31 29 46 17 12 3 48 39 14 45 23 7 30 9 36 8
13 23 0 21 31 3 40 23 33 33 16 16 13 21 4 28 36 25 34 23 18 3 45 49 1 9 36 24 28 1 49 3 19 6 33 43 24 12 12 18 24 43 9 24 26 39 2 39 11 18 12 16 34 41 47 18 7 17 47 38 12 0 22 47 44 46 35 28 7 49 36 6 46 24 46 18 12 45 40 3 3 37 8 46 23 25 23 0 6 24 37 7 22 18 20 10 23 36 25 43
7 12 38 8 13 6 33 30 9 47 14 11 2 20 26 20 35 24 40 34 41 30 26 30 18 12 5 38 7 32 26 47 44 31 41 36 22 1 47 13 48 23 9 28 3 43 24 18 42 7 41 36 7 5 6 28 47 23 7 40 2 41 49 46 47 38 47 23 28 13 10 42 28 32 32 48 0 37 31 27 25 27 36 16 39 49 37 6 19 20 25 15 42 30 32 16 23 7 40 30
2 13 7 17 24 7 9 35 33 44 21 44 37 4 48 29 25 21 48 47 3 20 25 17 8 34 2 35 38 30 12 24 39 1 34 9 39 25 7 43 29 3 41 13 18 40 2 3 3 36 0 2 18 8 49 33 27 15 44 30 6 19 10 15 21 27 7 7 25 6 0 26 29 29 40 6 6 3 21 16 21 44 20 18 19 14 13 33 36 37 18 10 36 30 20 17 32 3 4 28
48 12 44 2 37 38 28 45 37 23 25 6 35 35 28 32 5 48 43 16 5 2 9 45 4 1 48 6 13 0 44 24 46 20 40 26 43 13 42 40 3 1 20 13 24 37 14 33 1 16 17 46 3 35 28 10 31 0 9 21 36 35 33 23 26 0 38 21 0 15 43 28 48 39 9 1 41 26 48 33 42 7 37 23 46 30 1 7 21 41 38 36 35 22 16 45 27 40 28 42
5 19 8 38 38 2 44 9 24 25 22 22 5 35 26 11 2 19 9 39 13 19 46 1 15 14 29 45 4 1 36 48 22 13 31 19 37 29 16 28 42 45 48 39 42 30 31 41 10 40 29 25 0 4 32 7 33 3 30 21 25 10 17 26 43 46 47 12 22 11 38 19 11 18 27 15 25 18 27 48 24 26 9 5 27 33 12 21 14 33 32 42 22 27 46 11 7 46 46 39
1 46 0 43 35 38 13 45 20 10 37 22 49 36 13 42 31 48 33 33 47 19 1 43 34 10 3 26 47 20 9 47 25 40 37 19 26 10 12 15 48 28 46 39 36 24 47 6 48 45 49 30 14 4 18 24 46 14 15 15 43 25 8 30 30 41 5 21 18 7 47 27 44 13 30 5 35 23 9 19 48 17 44 6 31 0 14 49 40 24 35 21 40 46 42 7 22 49 13 38
7 1 30 48 46 23 16 16 40 18 21 49 39 29 13 32 38 13 30 34 41 33 15 48 21 10 25 24 25 36 11 29 26 42 31 4 3 9 36 4 26 14 49 38 23 34 26 16 24 23 13 44 37 49 48 1 13 45 20 28 40 11 17 14 31 47 41 1 11 29 18 1 8 36 48 34 35 35 25 3 12 17 40 33 12 30 47 6 5 25 11 28 22 41 21 1 9 11 23 45
