43 38 26 3 40 49 15 15 4 18 27 27 14 27 10 26 5 1 11 27 1 48 46 45 9 23 0 3 4 31 23 12 2 15 10 43 0 13 0 22 5 26 29 17 48 46 47 9 31 34 10 12 37 43 21 15 7 49 22 49 27 26 39 6 17 40 13 36 37 47 35 34 15 33 39 23 28 2 0 46 23 3 35 38 10 33 28 20 29 22 38 6 19 33 4 12 14 24 45 49
25 25 2 17 44 44 42 32 22 1 46 30 49 27 30 20 48 49 29 4 48 10 24 46 26 9 15 24 4 42 0 12 36 12 20 2 10 1 6 45 37 31 24 27 1 15 14 39 20 21 41 7 9 4 3 2 27 32 9 35 34 40 43 2 46 28 27 21 38 24 0 29 6 20 6 29 34 31 16 36 25 30 46 36 9 3 25 20 4 46 29 15 18 10 13 37 32 13 11 18
20 18 11 44 27 14 39 31 20 49 18 16 13 44 8 28 30 27 21 24 14 9 23 37 27 35 37 2 45 17 48 45 25 1 11 9 48 9 18 30 1 32 36 30 24 42 19 6 21 29 9 49 31 13 10 2 20 16 38 39 20 24 47 21 7 25 35 18 18 0 22 41 23 9 25 41 30 29 13 32 7 8 5 20 42 22 34 25 1 17 39 31 11 13 20 20 2 12 13 26
24 8 11 40 22 17 33 46 22 3 16 45 31 18 22 36 47 33 29 43 10 0 35 30 38 33 45 49 14 5 45 10 21 10 19 1 0 44 7 2 48 0 36 12 6 18 14 11 32 26 18 10 5 30 19 38 43 34 31 3 18 19 21 21 42 43 41 28 12 4 26 33 31 27 43 10 4 15 12 4 32 9 10 6 23 13 3 46 12 42 16 1 6 29 26 5 31 48 3 41
26 25 35 32 26 21 19 33 30 24 44 20 6 13 43 48 38 24 45 13 49 6 25 47 47 49 14 42 40 21 6 27 24 10 16 43 32 10 38 18 46 30 47 45 44 9 43 5 4 7 0 28 29 3 9 18 10 21 6 1 28 47 16 29 25 28 28 1 8 30 11 14 23 6 10 10 16 47 21 42 15 1 13 4 24 35 30 8 20 46 32 19 17 7 29 43 40 23 25 12
12 0 24 24 22 43 1 13 39 39 18 48 17 2 0 14 0 23 45 0 26 39 35 44 34 42 22 31 44 3 40 49 21 48 4 35 16 38 25 21 42 32 48 19 22 38 13 46 45 38 49 46 23 0 2 30 21 13 46 34 28 42 1 34 49 8 37 48 46 12 3 40 2 12 35 42 47 17 14 41 19 26 44 14 39 18 40 37 31 32 9 16 13 2 13 49 2 26 43 16
48 25 33 40 36 13 23 38 20 30 38 32 47 13 37 7 26 47 22 6 17 7 39 34 36 29 35 20 0 39 0 15 13 11 15 18 19 27 40 30 24 28 35 2 5 49 31 26 34 15 17 10 23 37 49 32 31 31 33 49 7 19 23 23 17 40 29 38 42 32 22 9 14 17 24 15 11 18 19 4 38 40 46 43 17 36 44 40 21 6 25 21 38 23 9 9 7 29 20 1
8 21 34 43 38 6 37 10 18 47 23 15 11 4 11 16 30 30 30 45 23 22 26 32 47 30 47 27 7 39 9 21 12 9 32 26 17 45 30 27 3 1 24 42 17 20 37 13 5 2 8 49 8 0 7 10 39 23 15 24 8 16 28 47 26 36 18 1 36 14 8 14 28 1 25 6 44 49 16 31 41 24 6 28 29 34 17 26 20 28 22 33 40 28 29 20 27 45 35 42
17 43 12 20 19 3 35 41 19 23 1 38 40 4 34 49 47 30 45 8 3 0 34 29 22 36 12 9 19 41 19 32 10 43 24 9 11 30 10 41 17 1 33 19 24 28 47 42 38 16 22 22 23 8 18 23 33 9 33 13 12 5 47 40 20 30 20 27 44 37 10 48 16 43 12 1 43 22 20 33 7 2 25 3 34 48 7 26 46 45 23 22 34 21 39 4 32 28 8 19
6 48 12 24 6 36 22 15 10 36 8 32 21 46 28 1 2 15 46 10 5 44 43 32 4 30 36 39 40 9 8 1 37 13 24 43 4 42 47 8 9 17 45 8 42 36 0 22 34 37 48 13 26 16 9 15 45 33 32 33 15 31 23 40 8 42 28 11 27 11 1 43 11 36 13 22 48 40 2 4 8 9 18 12 20 32 15 37 23 20 2 37 38 18 29 43 3 33 42 30
32 6 18 38 36 49 10 8 31 38 8 5 11 21 46 3 10 21 41 21 26 3 27 9 24 12 0 37 27 6 15 32 29 47 3 4 6 29 23 8 31 26 23 19 42 36 12 1 29 29 21 9 41 14 20 32 3 32 31 37 48 2 5 19 29 1 7 27 10 29 4 6 2 49 29 43 21 23 33 23 6 38 6 26 36 1 47 2 20 13 15 47 16 33 10 31 36 32 2 38
29 25 15 35 18 45 14 33 42 31 22 14 30 35 16 45 13 14 49 36 30 28 44 13 19 16 18 32 17 40 49 22 34 16 1 35 15 18 46 47 49 22 0 31 22 33 21 28 36 15 3 8 3 32 6 40 19 6 26 0 26 22 17 44 24 16 46 4 17 9 26 11 29 7 38 33 10 4 42 40 11 30 7 41 41 49 16 31 19 44 29 3 6 15 42 24 49 19 10 3
2 47 30 0 14 44 46 32 7 42 9 25 25 25 30 29 0 10 21 0 12 29 22 40 42 14 35 5 45 47 16 36 40 25 28 26 43 31 14 26 2 45 25 42 14 15 49 49 1 13 16 12 35 5 46 8 44 42 44 25 18 48 11 44 18 19 10 21 1 29 23 49 36 8 43 31 32 7 23 1 49 23 38 43 48 9 34 27 36 16 41 20 43 46 3 44 9 5 3 47
17 20 10 46 7 27 0 15 22 24 39 33 31 12 45 40 20 21 34 13 35 49 46 24 0 23 22 36 4 28 9 41 29 5 46 14 40 33 5 3 7 9 1 10 16 10 46 29 18 27 30 40 16 20 7 28 16 5 40 0 26 17 37 25 39 16 13 12 1 17 41 32 18 35 13 20 21 36 31 24 23 9 26 36 10 16 41 28 10 48 14 1 10 39 10 9 16 20 37 21
32 5 23 22 28 18 47 12 13 38 49 13 31 25 2 35 47 31 1 2 23 15 33 15 27 24 18 6 29 24 29 26 28 41 33 5 19 42 20 31 24 41 17 14 12 18 15 41 26 20 0 20 36 3 43 0 21 5 6 10 18 32 32 9 44 6 13 20 29 45 40 49 33 22 10 35 19 22 5 15 34 29 16 49 3 1 41 48 3 31 31 0 17 12 23 1 35 21 49 6
7 11 48 23 20 34 9 5 42 29 12 37 5 10 44 22 9 6 30 15 8 16 44 49 3 26 15 30 12 32 16 13 32 11 8 14 16 32 40 27 31 40 33 45 25 45 22 24 3 23 0 13 34 37 16 15 17 29 4 5 18 0 13 22 30 45 2 15 21 4 46 27 34 13 20 19 46 7 12 4 24 47 21 46 8 41 27 5 11 8 11 11 43 9 26 32 35 19 33 5
43 28 36 25 43 47 5 8 0 21 9 10 2 18 28 48 2 40 29 48 14 26 4 22 33 10 28 38 34 32 5 10 43 20 9 37 12 46 34 45 39 12 2 22 17 38 49 43 30 39 33 4 48 2 39 30 0 44 35 3 40 27 22 1 4 30 11 42 22 16 20 0 10 3 31 23 6 27 42 16 48 1 35 17 41 29 24 39 8 17 39 39 26 12 14 5 12 43 15 10
14 25 13 39 21 40 10 33 33 30 20 31 32 41 12 23 26 6 15 45 32 3 31 40 39 47 16 44 47 38 38 28 15 10 35 32 25 0 18 14 6 46 25 20 34 44 40 35 14 38 44 21 28 22 15 19 33 33 12 8 48 41 17 3 9 16 39 13 33 24 49 27 31 35 38 23 38 39 40 16 44 41 40 26 42 27 14 17 38 34 44 33 17 23 21 26 42 8 48 27
25 42 41 37 26 42 5 0 44 25 31 10 45 28 3 22 10 30 4 48 35 40 4 32 28 19 40 13 23 39 4 14 45 10 10 46 41 46 12 2 28 31 18 8 45 37 17 36 34 9 45 38 38 21 12 14 12 29 7 38 46 38 30 24 42 28 38 22 44 28 38 13 40 8 4 40 0 27 23 14 20 34 22 11 48 47 38 18 30 29 14 23 12 49 18 42 3 17 31 29
13 4 31 36 41 31 38 46 44 2 6 2 46 43 3 45 35 19 31 44 0 30 47 23 16 3 32 15 37 46 45 12 28 37 41 24 45 35 30 42 35 37 29 22 39 9 5 35 42 14 43 33 48 40 29 19 46 22 24 9 22 25 48 27 23 46 43 14 15 37 40 38 40 44 11 18 15 49 47 0 10 34 31 27 13 35 35 1 15 20 3 45 32 10 3 30 23 14 18 21
43 4 46 45 25 24 30 33 17 1 36 23 24 6 40 6 36 2 48 41 31 14 2 8 45 1 12 23 36 49 2 0 31 46 6 49 1 8 3 31 24 49 1 31 18 43 40 12 13 35 31 0 36 35 7 30 1 8 9 42 20 20 15 2 5 38 43 33 14 47 14 8 36 49 24 18 7 39 10 5 6 25 43 35 18 41 39 12 22 22 5 45 33 10 46 13 43 29 42 15
3 14 32 44 10 43 43 13 33 44 35 2 44 16 34 18 47 43 30 6 43 3 43 37 13 34 8 23 21 27 35 5 48 38 33 12 38 39 22 12 19 7 22 35 46 33 46 23 23 13 22 34 20 7 43 46 13 3 38 49 30 25 3 2 29 28 36 26 37 1 17 26 40 0 33 5 35 13 8 32 23 1 37 3 46 31 13 33 10 48 40 45 7 45 35 18 11 20 47 20
26 7 40 4 35 47 21 11 43 13 39 6 12 21 30 41 47 25 29 18 44 8 19 42 37 5 44 27 24 24 1 41 45 9 38 15 18 32 24 39 45 20 36 0 42 22 2 29 3 5 33 14 19 18 38 31 0 35 29 7 28 2 16 33 43 22 44 36 40 17 18 43 28 40 14 14 29 1 39 47 0 47 7 40 6 14 29 26 26 22 38 37 11 47 35 6 9 17 11 43
29 11 27 25 42 48 14 34 45 25 44 31 46 9 10 44 21 43 42 12 37 31 35 11 44 41 12 17 45 25 14 46 23 49 43 30 33 42 9 10 18 10 2 42 45 43 38 40 2 30 48 33 31 9 29 12 33 37 33 42 16 0 42 46 37 40 27 48 1 0 38 17 43 22 27 13 2 2 39 25 36 38 36 23 28 47 19 2 17 32 25 28 14 38 45 16 18 29 46 36
44 34 3 34 14 35 9 21 39 40 7 16 28 40 46 47 33 31 21 28 14 9 18 15 12 20 18 10 22 40 17 33 41 9 46 36 20 26 38 16 31 7 3 23 32 25 10 3 24 39 16 38 4 35 36 29 31 10 36 34 18 10 23 33 20 6 41 15 0 14 35 7 49 33 3 43 12 44 42 24 16 33 8 6 3 27 21 14 41 36 30 32 0 10 17 19 13 41 12 13
41 22 3 44 42 39 0 48 15 28 35 14 37 22 35 37 39 14 7 49 9 41 49 36 6 36 1 24 41 15 1 37 7 49 39 11 8 13 39 47 19 39 7 37 16 47 38 34 10 42 21 14 5 49 7 42 49 15 33 43 18 11 34 32 21 4 15 26 47 38 13 33 26 41 3 46 40 17 19 16 31 27 32 8 11 44 13 39 28 24 28 15 24 3 46 18 24 37 15 1
18 44 39 25 23 40 37 10 0 12 47 6 31 45 32 5 19 7 29 25 11 9 12 39 23 16 37 27 11 49 17 22 41 19 39 33 20 13 15 4 28 23 29 38 3 43 14 39 11 2 29 7 27 6 37 30 32 13 15 29 43 32 33 49 32 23 10 1 28 39 9 44 14 42 37 27 36 38 27 13 36 14 5 44 43 14 8 13 3 30 47 48 24 5 1 3 16 32 20 25
38 25 30 31 42 23 33 9 41 20 24 33 17 7 22 45 36 33 29 29 5 25 46 25 7 45 14 32 47 37 18 48 18 46 49 29 29 27 34 8 28 28 37 2 36 32 13 47 46 24 5 41 25 30 13 4 37 4 20 9 34 28 6 31 36 23 25 38 47 29 49 43 41 28 48 40 40 45 7 37 40 38 26 12 12 39 39 27 27 16 37 10 33 15 10 39 0 40 33 11
1 8 38 29 46 44 19 21 1 38 2 2 26 21 34 36 17 6 25 48 11 40 13 22 13 29 47 12 0 19 13 3 8 21 40 22 20 41 29 20 1 8 6 24 35 28 48 7 7 1 9 20 32 22 18 20 26 44 2 25 4 20 20 48 6 15 2 36 24 28 1 5 23 40 1 19 26 25 25 29 27 37 9 1 34 17 9 24 31 45 43 43 18 46 47 17 8 21 14 46
4 8 42 4 38 9 4 6 18 30 39 0 17 28 6 36 8 41 30 6 3 43 14 43 21 4 28 3 2 30 31 13 30 12 8 9 42 33 28 2 14 8 18 36 46 26 12 30 40 0 4 13 26 28 43 49 44 41 30 25 43 5 3 36 5 24 4 39 10 42 15 0 43 5 45 44 5 42 10 43 38 43 11 44 47 22 34 20 5 31 18 46 36 2 43 29 44 11 44 34
16 12 26 8 29 18 14 2 6 42 33 16 20 31 11 19 21 23 28 17 3 20 42 30 39 26 15 20 48 7 28 15 11 21 11 43 37 31 27 33 7 41 9 24 32 10 12 30 29 35 8 30 28 18 7 14 6 20 44 11 28 42 3 15 32 0 34 37 46 37 14 49 0 6 41 7 2 4 9 23 48 25 42 4 18 20 19 8 6 18 6 39 27 10 23 19 8 34 6 28
18 38 19 27 3 25 27 20 23 40 12 18 17 22 29 13 2 42 17 16 15 48 47 33 33 39 46 18 29 39 24 22 31 6 32 28 8 49 0 41 28 12 19 7 45 48 41 25 32 48 37 16 19 43 2 5 15 30 41 36 44 22 30 43 31 1 21 45 3 38 26 47 37 28 47 2 30 26 3 24 48 11 41 6 8 24 2 13 6 33 25 26 48 20 23 12 42 47 1 45
3 6 28 21 11 24 33 34 22 43 1 22 42 7 36 37 34 28 16 39 31 14 33 32 44 40 46 35 47 34 29 16 8 38 10 20 11 48 10 16 47 49 49 46 18 45 8 7 21 5 31 40 10 23 43 34 22 14 1 41 14 42 19 48 10 28 23 48 23 35 27 35 25 33 0 1 9 37 3 42 46 11 24 3 15 31 32 11 15 28 49 33 23 6 38 27 35 31 2 33
46 16 34 32 16 47 36 8 5 10 29 25 8 3 49 15 21 14 28 46 49 14 38 22 0 9 15 33 12 21 23 5 5 39 11 25 8 1 22 30 46 6 1 31 28 34 44 17 41 24 45 43 38 11 35 9 38 11 41 22 13 7 31 42 30 0 17 28 35 5 44 49 10 16 8 14 37 9 9 4 35 1 15 48 34 34 42 5 10 30 30 11 14 6 44 24 48 13 1 24
39 47 14 12 1 49 17 30 28 45 37 9 5 31 0 25 14 21 29 49 25 8 35 5 48 33 40 3 11 12 27 5 44 19 47 34 33 34 45 47 19 29 1 17 7 25 39 40 14 44 26 22 22 28 9 42 25 10 44 32 2 6 13 37 21 3 7 13 19 35 35 32 18 25 27 28 10 1 41 15 3 12 5 32 3 42 35 42 41 11 19 28 33 8 4 10 13 31 5 43
4 39 3 15 31 16 16 32 9 14 15 9 5 34 25 21 23 14 26 22 28 12 22 36 20 10 3 3 18 17 0 11 36 28 5 30 13 40 25 27 27 12 38 26 25 47 38 26 8 2 40 25 22 12 49 29 26 0 47 19 32 27 28 8 21 38 47 49 47 31 12 23 28 47 6 11 21 43 1 43 5 49 30 7 27 38 4 7 8 8 2 36 21 9 44 17 20 36 32 17
42 36 41 38 31 23 22 38 9 32 16 12 9 17 20 13 34 35 0 38 8 5 20 43 16 7 29 20 27 43 40 27 4 26 17 1 10 49 24 0 2 46 36 23 43 11 23 48 28 16 0 38 42 32 29 26 44 9 4 10 19 31 18 15 46 32 40 34 4 36 43 24 20 44 45 30 27 47 24 21 49 27 7 18 34 13 7 9 4 48 40 44 25 9 15 4 45 40 40 18
9 33 22 29 27 48 31 3 23 22 6 20 32 28 49 30 14 7 15 31 47 47 3 10 44 33 11 43 32 31 48 5 3 32 38 22 20 17 17 35 16 49 42 25 35 42 37 35 13 21 25 30 11 20 44 7 28 8 2 13 1 44 31 6 45 18 42 32 27 17 2 4 4 10 49 14 13 16 12 49 18 45 45 28 36 34 3 47 38 16 39 14 49 14 37 11 12 38 4 39
18 29 40 0 6 16 36 11 32 30 28 37 47 18 36 40 27 11 5 24 34 46 43 10 31 32 49 4 35 16 46 49 47 6 4 40 20 30 17 10 37 2 6 31 49 28 6 1 23 8 3 4 0 43 45 20 23 48 11 38 21 39 43 27 30 12 22 17 3 24 23 20 42 28 36 13 24 13 34 27 2 23 2 15 25 35 25 8 42 7 35 36 30 11 28 11 1 19 31 24
10 49 4 41 27 5 23 37 3 42 28 9 48 11 47 40 23 36 18 26 4 43 34 24 12 39 40 20 32 29 25 9 48 9 36 35 31 16 13 9 41 39 1 40 1 25 26 0 39 46 45 7 9 5 1 29 16 40 2 44 2 32 26 49 14 8 42 32 7 9 0 37 35 43 28 14 10 21 20 36 1 49 12 42 10 44 40 29 26 47 12 36 9 0 28 24 33 49 48 19
11 22 35 30 7 21 35 37 7 17 9 0 21 17 26 1 38 41 4 17 18 5 30 43 10 31 2 44 27 30 44 1 24 33 15 11 18 22 30 39 43 40 30 10 34 35 48 5 21 26 21 5 42 45 44 48 20 27 22 49 23 23 9 20 27 31 49 29 5 36 6 42 3 43 47 44 48 39 43 23 48 21 19 14 11 2 37 12 45 9 42 41 49 35 1 16 10 14 31 38
24 47 21 40 26 28 2 9 25 11 28 18 9 8 6 12 12 13 41 16 4 42 30 3 45 20 8 45 36 19 24 8 46 11 9 42 35 7 32 14 20 40 44 43 20 40 45 44 8 23 4 20 13 44 3 48 2 16 22 37 30 40 49 26 19 5 48 7 39 32 41 28 40 11 20 25 30 26 29 38 19 29 30 35 23 42 48 17 35 15 33 18 41 45 43 13 7 32 23 18
17 39 36 38 43 41 14 21 37 17 5 12 48 36 7 45 10 12 22 31 44 1 30 31 17 21 37 44 41 25 29 4 37 34 49 28 8 22 39 46 36 38 34 3 46 17 48 12 16 38 48 29 1 21 6 12 4 12 3 48 8 49 43 26 2 20 6 9 14 41 38 35 34 40 12 26 12 28 40 33 8 6 8 10 39 1 41 5 33 13 41 1 16 40 26 38 49 4 7 49
11 44 11 29 8 26 49 9 46 37 0 47 23 10 48 49 3 47 16 11 5 18 20 18 13 20 24 39 36 14 13 23 46 39 5 1 19 31 2 16 39 18 42 17 32 43 41 13 30 43 7 37 10 31 34 43 43 7 9 38 16 27 17 21 3 30 9 32 9 44 1 28 18 22 37 1 16 36 28 6 45 21 20 1 22 3 22 44 27 24 21 41 15 30 29 21 49 39 8 38
47 30 33 49 39 31 11 15 3 2 21 7 29 4 33 39 1 5 19 39 10 16 21 16 12 49 15 36 47 6 48 22 10 3 20 25 46 18 0 34 32 34 41 47 44 9 15 16 42 18 26 39 5 37 28 37 6 29 6 27 26 27 4 11 35 48 35 24 42 47 43 34 5 47 3 14 0 35 13 30 32 20 19 42 28 26 3 49 17 5 20 27 32 20 33 33 24 38 29 34
39 0 24 45 11 0 3 37 45 25 47 0 39 29 19 48 25 20 22 28 16 35 48 33 17 27 38 39 3 21 47 34 12 7 22 49 31 16 23 30 46 26 0 16 26 23 7 45 20 3 38 47 30 19 2 40 37 36 48 4 8 13 34 13 17 20 29 11 42 9 47 38 8 49 42 15 40 42 22 20 0 31 26 34 48 40 15 18 48 27 41 0 32 16 26 39 1 7 21 24
9 42 2 46 16 45 47 45 16 35 17 34 10 0 14 9 43 24 46 16 4 22 4 8 15 39 0 17 46 43 39 13 46 44 9 36 44 44 26 27 30 8 26 8 42 17 21 38 0 27 26 26 35 31 14 2 23 17 12 1 19 3 40 9 20 23 24 27 45 8 26 35 21 6 47 0 42 6 34 8 42 20 16 44 32 45 4 22 44 45 23 18 31 30 17 15 11 34 27 21
37 26 15 4 25 22 30 15 0 4 15 17 1 38 37 25 22 31 38 27 20 44 37 35 36 47 32 45 44 10 6 15 25 11 20 2 35 45 29 31 6 40 9 10 38 46 46 19 3 11 39 4 4 24 0 38 42 24 25 44 2 44 26 13 3 39 9 34 11 1 33 5 48 7 4 45 35 42 11 28 38 22 46 22 49 20 21 42 0 35 37 14 17 32 7 44 5 39 46 21
2 2 2 46 29 33 25 25 33 2 41 8 13 43 42 19 19 9 35 40 39 11 35 27 11 37 38 46 49 45 23 38 30 20 47 33 24 11 31 24 11 37 44 43 31 30 48 17 41 20 1 13 19 28 28 42 37 30 23 43 46 35 7 3 17 12 1 4 41 27 47 26 1 38 19 28 26 14 28 0 41 38 30 32 1 34 4 3 46 28 25 46 30 38 42 39 49 12 12 27
12 43 21 46 11 35 8 42 1 32 3 1 38 14 22 44 7 17 45 38 22 33 25 39 3 16 1 36 4 41 21 31 42 23 3 4 19 39 14 20 19 3 3 1 5 27 4 47 10 2 27 3 22 19 7 1 1 31 43 21 21 40 13 3 6 34 36 18 18 0 4 44 6 46 23 28 48 22 7 14 13 10 21 17 15 1 47 22 47 14 26 40 14 30 37 17 29 13 13 41
26 23 4 3 2 7 32 12 33 31 37 38 32 17 3 39 28 9 27 32 18 40 0 45 17 19 10 25 13 26 38 24 46 14 42 18 23 29 38 37 25 49 11 26 5 20 25 46 26 15 25 28 13 41 19 33 34 18 16 12 3 27 35 41 21 37 28 48 36 10 10 22 46 11 27 35 37 37 45 9 43 21 23 47 26 0 37 26 40 20 0 25 42 40 33 13 5 26 43 2
32 8 22 26 10 11 1 42 12 4 11 24 3 13 9 17 7 14 42 9 14 22 36 46 16 10 17 32 37 25 33 23 10 48 11 10 38 31 28 13 47 24 24 31 13 1 16 49 40 18 20 37 30 41 34 7 24 33 29 29 42 16 24 23 2 4 8 23 24 24 48 35 31 5 0 37 25 13 39 16 48 24 14 36 5 0 32 30 37 2 11 49 34 24 15 26 3 8 42 4
48 23 27 25 0 10 1 7 28 2 19 21 28 4 40 21 47 33 42 43 48 47 7 13 17 22 38 39 36 14 38 12 6 42 37 42 8 18 35 41 24 6 22 5 21 44 28 27 26 45 24 0 9 26 40 27 22 15 35 12 33 6 13 9 28 26 32 35 10 6 37 37 26 34 36 43 47 43 2 31 13 46 24 49 8 4 22 25 40 9 38 38 28 0 15 32 31 29 44 3
42 1 15 12 25 32 2 20 8 7 49 17 21 47 18 46 14 24 0 26 6 39 0 16 3 2 15 30 4 5 14 25 31 26 21 1 42 26 46 0 30 28 19 36 2 48 43 48 8 48 40 43 6 45 12 43 21 40 14 6 29 8 24 27 42 28 5 29 10 4 26 24 19 0 47 36 6 45 45 8 13 17 41 44 21 30 36 28 28 30 17 29 1 34 33 40 4 31 49 37
38 31 22 6 2 10 34 26 34 45 13 49 18 8 20 7 25 29 7 29 26 45 33 3 40 0 21 5 41 7 3 23 24 32 1 2 3 6 36 18 5 13 47 27 9 18 49 45 20 36 43 6 21 21 25 7 23 42 7 45 3 41 39 26 37 6 35 3 34 47 34 48 37 31 4 47 47 2 2 9 34 12 36 16 40 14 45 1 19 18 37 31 44 11 41 26 44 30 8 6
42 32 45 37 27 40 20 1 40 25 19 3 27 45 17 34 15 24 15 10 21 20 18 49 7 7 45 8 45 39 38 16 48 24 27 49 29 18 3 4 13 25 36 46 44 31 7 37 2 25 23 24 42 31 35 25 11 47 18 0 29 31 6 5 6 42 1 29 34 47 11 20 38 32 32 43 32 36 37 15 2 42 21 34 25 9 1 49 10 39 0 14 42 2 17 41 42 38 13 25
18 37 43 11 10 34 49 36 4 18 30 36 49 8 29 21 26 46 26 11 25 22 25 43 2 38 6 6 1 16 21 43 14 41 30 5 34 47 24 32 47 19 44 36 0 27 45 16 31 12 44 48 47 42 47 11 39 26 7 31 49 38 10 48 7 25 21 42 29 40 28 40 23 7 8 41 39 33 21 39 28 16 15 4 31 20 37 5 21 26 11 35 26 38 24 0 18 28 40 8
8 47 0 28 2 43 2 46 11 32 38 22 37 32 28 8 13 39 7 7 39 43 35 4 33 23 22 25 6 30 47 49 11 43 7 21 35 13 2 31 42 23 44 7 34 27 49 37 13 25 40 19 13 46 24 11 39 9 34 20 30 27 4 15 38 9 46 42 9 19 24 16 9 17 22 7 4 31 16 30 32 15 29 45 43 46 46 47 33 3 41 32 45 26 40 13 12 44 34 22
37 44 14 45 7 26 14 28 16 48 33 23 9 15 14 35 1 33 47 29 13 23 36 27 22 27 49 23 38 13 10 48 11 36 22 20 33 45 25 14 16 24 41 18 7 16 44 40 31 30 2 46 45 42 49 45 37 46 25 13 35 31 21 12 13 34 41 30 34 43 33 26 22 36 1 0 42 43 3 26 13 21 0 3 3 41 24 13 24 36 40 20 44 22 18 17 41 14 39 5
24 36 18 22 4 22 4 48 34 20 15 39 2 23 15 11 5 12 49 22 45 45 35 3 12 15 37 12 6 19 1 35 34 22 27 26 20 45 35 35 38 29 22 33 27 18 7 19 45 14 28 31 27 47 35 47 18 40 14 35 22 0 32 27 13 2 35 3 0 25 30 19 12 4 3 43 20 40 47 13 43 21 8 16 4 40 44 19 36 27 8 7 27 2 17 46 1 4 49 3
18 8 46 35 2 39 5 39 0 3 8 39 41 29 28 21 3 26 6 30 4 12 14 39 34 40 20 35 35 38 47 33 18 22 16 35 15 4 12 27 2 27 34 46 36 2 35 7 26 33 32 4 40 32 36 49 32 0 3 32 18 43 34 41 24 32 25 4 12 32 31 44 32 49 11 35 30 20 15 0 42 7 28 35 13 34 4 30 21 24 19 6 5 46 1 0 31 29 46 44
29 3 27 23 33 9 10 30 31 31 28 13 6 8 36 41 36 47 46 1 13 18 38 47 31 18 20 39 21 30 14 30 23 33 28 20 42 15 17 3 15 34 46 13 25 44 17 15 21 29 13 26 5 40 41 27 47 45 9 2 17 25 46 17 17 45 28 41 42 21 9 16 13 33 31 26 30 5 18 37 7 32 4 21 24 24 33 22 16 39 24 38 16 22 37 9 5 10 26 26
47 2 41 5 32 10 18 26 27 31 17 13 20 9 26 31 36 14 31 14 2 48 9 10 45 44 48 18 12 20 14 46 17 41 39 30 19 29 44 24 24 35 26 31 38 18 11 15 39 4 48 13 14 49 41 14 48 36 37 19 16 14 31 11 42 46 15 26 12 32 46 12 13 1 48 43 46 44 22 16 46 43 38 39 16 34 48 11 21 35 18 19 43 36 22 10 45 33 34 30
17 26 48 22 11 22 27 42 19 24 20 3 20 18 14 15 40 43 32 16 43 24 22 30 48 36 23 8 0 14 6 27 20 45 9 15 15 10 29 26 21 33 42 7 10 12 39 21 24 28 31 8 2 42 35 5 8 45 36 36 19 40 46 11 9 15 0 15 2 16 7 32 20 41 18 2 23 45 16 35 5 2 6 2 40 10 18 14 24 17 31 5 32 49 18 4 6 5 44 43
19 35 4 34 29 8 21 26 8 14 23 41 9 11 41 10 42 21 28 45 26 5 35 11 42 22 15 19 34 47 19 16 35 24 8 17 15 19 16 4 27 0 17 17 1 29 13 46 4 37 1 34 36 23 20 36 20 18 19 37 25 18 3 42 49 23 12 11 39 22 5 43 6 16 27 13 40 24 7 20 4 39 1 17 44 15 44 22 37 43 24 26 6 17 45 29 18 29 44 37
12 32 46 43 2 35 42 28 23 35 1 38 37 8 46 37 11 10 8 14 6 9 47 4 15 3 8 29 22 39 10 45 17 8 12 37 10 4 20 8 11 37 42 49 45 5 19 47 29 18 38 15 23 41 1 36 35 25 28 48 16 40 38 31 42 20 8 25 33 43 33 8 42 39 35 12 49 12 4 38 13 4 11 28 12 6 33 36 11 26 41 46 0 0 34 6 5 4 24 23
13 24 28 29 42 25 21 40 13 3 33 37 39 13 8 33 44 47 14 43 46 16 33 23 45 44 4 11 20 38 8 11 49 33 47 21 13 31 39 22 12 38 6 7 26 32 45 11 30 10 21 45 5 0 24 9 48 1 39 10 37 21 15 48 4 37 39 9 22 27 0 39 45 35 10 3 40 14 23 27 31 30 9 28 1 33 23 6 39 10 13 8 4 25 12 42 48 41 10 32
47 18 38 17 30 33 36 12 40 41 38 32 11 2 18 49 15 6 4 31 30 36 0 2 45 16 42 27 36 23 44 24 32 22 3 10 6 34 19 25 31 43 49 41 47 34 30 14 7 28 25 10 24 17 33 33 18 35 27 5 30 42 42 45 35 25 38 49 40 12 28 15 42 26 0 41 46 26 29 32 3 5 32 13 17 42 9 45 20 34 1 21 14 39 11 12 8 19 20 48
2 39 25 17 24 40 40 1 41 33 36 44 40 49 28 37 28 3 1 45 0 5 18 12 28 36 41 18 36 49 8 46 43 48 13 17 28 41 40 30 45 4 25 7 20 38 28 42 12 17 26 19 46 46 17 11 25 16 40 31 18 33 6 12 33 34 1 43 30 8 3 27 1 30 28 22 14 47 9 11 41 22 42 14 46 19 29 1 44 3 26 40 3 33 44 33 47 17 45 34
24 16 11 7 48 25 15 22 27 43 19 39 38 21 15 15 28 22 43 40 2 33 23 15 44 31 49 35 18 32 13 30 28 36 18 5 38 40 16 46 17 4 13 18 28 34 31 44 21 3 19 37 31 19 7 28 2 9 26 1 7 27 43 17 21 34 48 22 16 37 11 18 48 4 25 45 27 10 9 13 9 9 31 14 36 43 20 13 36 24 8 16 31 8 23 41 0 47 32 29
35 46 22 17 25 22 2 43 19 28 34 12 10 11 34 30 33 2 13 46 38 12 49 15 19 22 13 47 15 43 33 5 2 39 42 34 47 49 3 0 14 24 18 24 6 14 27 44 12 33 3 13 16 48 1 1 7 41 6 3 5 7 23 18 16 48 37 11 41 10 40 32 18 8 10 41 44 24 46 2 23 29 47 5 30 22 46 9 9 37 36 26 18 24 27 24 25 1 23 20
22 8 28 33 26 4 40 38 19 23 2 42 26 40 25 42 40 25 40 33 31 48 21 21 17 40 10 49 38 47 2 19 12 27 42 20 9 24 10 28 25 14 40 44 3 38 36 44 23 40 8 29 47 9 1 20 19 48 46 42 42 3 6 11 49 42 14 11 31 21 2 26 0 36 43 24 36 40 39 49 43 42 32 48 24 3 45 20 26 7 6 25 10 22 7 11 46 44 30 44
23 45 1 23 15 48 46 14 1 7 35 46 4 27 7 19 37 23 46 21 34 41 15 37 16 11 39 41 2 37 33 10 24 17 38 34 40 45 19 34 4 22 49 37 42 11 1 16 46 39 47 11 45 10 21 34 15 21 47 3 29 35 33 25 19 32 9 38 36 20 26 8 32 44 26 31 5 16 22 12 18 41 48 42 38 1 17 28 32 23 37 40 8 30 18 16 28 18 44 34
19 41 25 12 46 43 30 12 1 46 22 29 2 0 10 13 27 42 42 14 48 11 16 1 35 41 42 2 5 29 46 15 2 21 43 5 20 48 8 47 2 32 30 4 25 0 8 26 38 34 3 42 46 37 36 9 15 21 45 13 6 0 47 25 28 19 8 9 5 9 26 48 38 22 33 11 31 36 6 23 10 12 3 44 31 42 36 35 0 47 37 18 27 14 33 19 35 33 2 32
11 20 31 15 30 45 45 18 23 34 6 33 26 22 39 45 17 6 24 45 4 15 16 31 1 42 8 37 36 28 41 49 30 18 34 14 23 3 8 0 33 30 9 18 10 9 42 35 6 0 28 43 2 26 4 32 27 10 31 29 21 44 29 23 35 37 39 47 35 32 41 2 44 24 43 28 4 8 27 36 40 3 44 40 27 17 35 18 5 48 15 33 26 12 12 48 28 27 9 9
41 34 19 17 44 24 41 32 38 32 29 41 22 4 24 35 13 21 34 47 39 28 27 49 13 42 23 7 28 40 46 42 27 2 12 42 14 13 28 7 47 29 13 13 22 19 9 33 24 21 17 5 41 12 14 11 35 26 4 47 22 48 40 1 18 10 21 26 36 19 34 47 12 30 7 11 24 17 22 45 32 24 26 14 5 3 36 1 33 47 40 40 21 41 48 5 15 29 29 31
24 13 8 19 16 20 14 26 28 15 19 14 45 32 12 21 12 38 25 6 49 34 27 1 43 7 34 31 3 27 49 7 47 44 20 20 9 20 24 0 49 37 8 29 10 10 41 26 33 47 5 30 26 30 8 48 39 36 0 14 31 28 37 32 0 29 38 43 16 11 24 28 30 46 8 43 36 6 5 40 33 28 13 36 2 41 15 10 26 7 36 45 5 16 10 2 35 40 39 49
13 32 2 29 27 2 4 31 0 35 32 38 47 15 37 26 44 31 23 4 32 26 24 7 33 27 12 29 16 49 29 39 19 0 39 25 5 16 19 42 35 30 25 5 44 32 36 49 40 42 7 19 16 42 11 37 3 32 19 26 28 37 13 3 30 37 39 36 23 3 5 31 29 26 41 19 48 34 16 37 0 22 3 36 18 34 6 47 0 14 15 23 24 19 32 48 42 41 35 7
19 16 46 37 39 10 19 23 6 9 34 45 3 35 40 28 33 39 30 22 43 15 18 22 13 10 38 6 4 32 46 39 18 30 39 35 8 27 2 1 24 8 33 3 35 2 15 19 20 43 21 17 1 27 47 14 5 10 42 47 11 46 26 13 26 34 3 28 36 39 3 11 46 19 12 28 15 49 18 0 35 3 27 10 46 38 4 30 12 30 35 11 38 6 48 18 23 13 48 34
2 9 6 4 2 49 46 5 16 35 4 1 12 23 28 47 42 40 37 32 9 11 17 12 9 12 44 0 7 18 19 20 10 48 45 14 17 23 33 22 15 25 16 43 23 27 48 47 19 13 2 33 49 16 27 25 20 3 44 3 46 3 30 24 1 39 41 27 27 25 45 33 30 13 29 33 22 15 46 44 9 47 49 1 49 48 18 17 14 38 47 12 31 2 33 36 44 25 31 33
16 6 45 31 27 39 24 28 3 20 13 46 15 42 20 7 24 10 1 33 9 32 39 21 32 1 34 19 25 27 17 1 8 8 2 30 17 11 0 11 37 39 42 39 24 24 12 16 44 41 45 39 9 13 33 42 39 49 26 18 34 14 17 16 36 48 9 44 4 48 48 8 37 4 35 36 28 47 38 15 19 16 23 29 8 35 37 5 35 35 9 41 33 36 48 22 20 35 0 24
31 9 1 3 11 17 46 20 38 30 38 22 40 7 10 21 4 19 26 34 31 47 47 36 4 8 34 1 15 9 11 31 43 0 48 15 17 45 34 48 44 44 33 33 2 20 2 41 35 39 29 40 26 31 43 45 7 30 6 27 22 33 41 48 32 40 32 39 36 1 5 34 17 25 31 9 46 23 11 41 18 45 46 7 25 5 20 35 27 43 29 48 32 29 48 22 34 30 40 33
0 43 3 6 19 5 12 6 11 3 49 35 10 29 46 49 43 10 13 41 2 19 39 44 24 28 3 43 26 27 30 32 43 44 46 12 8 30 41 43 7 3 25 46 43 8 30 11 20 26 16 13 44 11 40 37 10 10 29 25 22 33 2 6 21 8 36 22 40 35 20 23 39 5 41 3 22 33 22 10 29 18 34 15 30 48 47 33 43 2 13 9 36 17 12 49 27 45 9 0
45 37 17 31 37 27 41 8 5 3 45 20 33 47 27 4 10 46 10 45 45 9 24 45 5 8 19 31 39 36 13 49 11 2 18 11 4 38 45 1 22 44 44 42 7 2 21 0 16 44 23 42 10 9 40 31 5 29 21 2 2 49 25 15 21 31 22 40 33 40 7 9 18 14 3 47 35 38 7 1 32 35 14 32 29 47 38 40 39 10 11 21 15 21 22 44 41 9 8 31
9 22 38 19 15 47 2 47 48 35 27 45 39 32 47 29 30 14 34 1 13 17 43 18 43 23 7 34 32 3 48 30 32 21 36 40 30 19 33 30 49 33 48 9 28 47 5 40 7 17 43 21 8 6 21 4 44 38 17 47 20 25 33 30 10 16 18 10 21 24 12 6 0 28 23 4 27 13 14 25 13 18 28 30 16 22 22 44 14 38 13 3 7 42 46 16 11 21 2 30
0 48 15 42 23 0 43 34 39 18 40 6 49 13 33 7 23 26 46 35 14 33 4 31 4 33 17 24 12 34 6 43 3 20 1 42 35 12 1 17 0 30 4 8 17 2 30 18 35 14 47 43 46 43 33 0 6 27 18 38 26 18 12 20 42 36 45 0 45 16 42 48 18 28 17 1 46 29 47 20 19 33 8 30 29 16 30 38 20 28 26 42 23 11 47 41 16 47 49 14
18 26 34 23 13 18 45 37 49 18 43 37 19 42 4 48 24 47 20 2 7 27 2 40 19 43 30 2 5 17 17 9 12 39 38 26 5 29 16 4 0 11 18 34 43 33 19 25 20 38 2 29 16 19 31 3 31 24 12 16 37 35 0 43 43 47 27 37 21 34 10 33 15 1 30 19 44 9 11 49 1 33 33 4 9 9 29 2 31 5 23 1 22 47 38 5 39 37 23 14
18 2 4 0 4 18 17 37 43 44 38 29 42 40 42 45 36 22 49 16 34 37 41 23 42 45 31 45 33 15 40 45 21 46 42 5 44 15 31 25 30 18 22 4 31 30 43 37 14 29 45 12 20 29 2 21 40 49 10 45 24 43 4 14 8 19 22 44 34 13 47 19 29 8 28 36 21 25 8 21 4 43 35 20 28 17 23 37 33 36 18 27 22 20 5 44 14 36 38 40
20 7 21 6 4 44 3 43 28 23 7 25 31 36 48 42 41 25 42 26 47 15 42 38 48 47 3 20 25 44 8 31 31 6 32 32 31 21 28 22 8 29 12 2 42 28 28 46 2 2 46 2 21 19 4 5 4 18 40 44 9 26 29 5 31 24 39 24 30 14 25 41 40 4 36 49 13 43 36 21 47 4 48 19 17 10 35 32 27 20 35 23 20 46 23 34 7 32 2 5
5 43 17 38 27 5 31 20 49 13 30 33 3 15 40 2 25 5 15 48 3 11 13 24 15 27 39 14 47 12 21 18 23 25 23 13 4 15 22 7 33 40 10 43 3 46 44 34 17 6 13 11 15 32 45 44 36 44 13 27 41 42 27 20 20 17 25 39 6 39 44 5 26 7 33 41 29 3 26 0 7 22 23 12 5 34 17 41 30 29 14 8 22 43 34 48 12 37 29 30
33 35 6 3 9 37 14 0 1 43 17 27 17 42 41 27 21 5 13 41 39 31 10 10 39 38 21 42 4 1 29 0 11 42 29 30 49 18 14 9 43 46 39 29 48 17 26 48 22 8 48 15 18 9 20 18 28 30 12 41 15 4 13 15 35 11 32 2 2 22 38 41 28 23 1 14 30 32 2 30 34 8 47 44 12 40 12 12 25 30 46 22 2 18 3 48 46 24 36 16
22 17 33 32 44 1 15 35 2 32 6 15 17 17 26 9 19 26 33 48 35 38 21 19 30 17 49 42 18 38 8 10 3 36 49 29 12 5 39 0 7 3 42 37 41 48 10 0 31 39 20 16 45 14 5 12 12 45 22 24 31 26 6 49 19 17 11 45 14 30 26 24 34 39 36 46 42 38 48 40 36 3 17 37 16 4 38 9 12 15 17 27 13 3 37 13 13 7 37 36
35 24 4 2 49 31 42 3 24 38 3 23 19 18 12 24 46 42 5 43 21 11 8 43 23 31 2 7 48 25 4 45 12 4 14 33 31 35 27 0 2 10 27 26 1 44 36 41 11 11 44 3 18 7 42 28 32 37 41 49 1 48 37 17 16 7 20 8 2 19 32 41 31 41 20 48 39 20 16 13 47 30 16 37 23 26 14 34 27 23 15 27 34 23 23 6 8 28 8 27
46 37 39 39 20 46 42 42 5 21 16 11 0 35 19 48 15 29 0 6 18 17 10 49 24 33 28 49 19 17 38 23 38 5 24 39 10 16 16 12 46 45 20 41 32 44 47 43 28 48 8 15 21 49 46 27 10 3 39 34 27 49 30 40 4 1 43 46 7 2 2 47 17 27 30 31 48 36 18 8 16 0 4 4 27 23 35 15 35 27 36 38 28 10 47 9 49 37 37 46
48 9 11 17 26 27 17 35 33 37 21 19 47 30 4 49 16 11 35 4 13 48 32 7 47 9 40 1 27 6 24 28 40 14 44 49 45 4 4 46 5 41 6 8 46 46 22 43 13 3 20 17 16 30 42 12 13 48 41 41 5 9 48 24 22 37 11 25 40 31 2 25 46 3 20 31 8 3 30 9 6 41 4 36 30 13 17 23 43 41 16 14 42 17 36 19 44 14 26 18
25 21 13 1 24 9 24 48 15 33 7 2 12 33 40 6 35 45 31 34 40 2 37 42 21 0 15 29 29 1 43 42 13 5 31 19 24 15 35 4 4 29 18 12 25 42 27 7 21 25 48 20 28 11 3 33 0 41 4 6 8 21 18 35 42 47 40 41 3 18 11 3 17 11 25 43 25 21 34 34 9 35 30 46 46 3 38 5 11 31 47 18 29 18 41 47 20 2 33 23
33 47 45 23 9 18 28 20 33 10 10 29 27 29 14 47 37 23 7 44 34 16 46 33 41 7 38 19 29 21 33 9 7 19 41 40 49 17 40 21 5 41 2 26 38 23 22 45 3 25 31 38 9 21 32 33 36 9 17 32 23 15 16 7 20 39 14 39 28 12 20 29 36 14 37 40 43 0 5 38 16 31 28 24 26 25 3 21 45 15 9 41 10 12 29 8 14 8 45 27
19 40 37 15 39 22 35 22 4 1 0 9 40 13 4 31 11 14 27 3 9 20 17 45 44 35 47 25 8 45 17 3 1 33 28 10 11 49 22 38 1 29 48 19 2 25 31 48 36 14 35 47 7 7 44 42 49 24 49 16 27 25 1 24 20 20 43 15 27 13 25 4 42 9 40 49 39 32 23 18 25 44 39 23 34 43 22 9 0 22 49 34 36 45 23 21 3 42 49 15
38 10 47 7 5 24 6 24 11 8 43 7 26 21 16 36 24 8 7 38 15 26 40 28 34 14 48 37 8 13 17 7 6 13 31 37 8 40 33 0 10 8 13 0 43 21 46 6 25 43 21 5 23 25 14 1 11 19 3 36 8 6 22 4 28 12 11 4 28 3 21 29 42 33 40 14 7 4 7 25 29 7 37 31 35 35 23 45 21 6 10 42 35 23 15 34 3 6 8 13
29 46 46 35 22 24 26 39 10 5 32 8 41 36 34 16 49 48 48 44 14 48 40 11 1 32 9 48 28 28 41 8 16 40 34 49 3 22 4 35 38 46 18 22 42 42 11 46 2 26 49 37 5 0 24 14 28 34 23 33 29 12 18 19 3 18 4 39 4 17 23 26 10 26 41 38 17 9 13 47 49 39 40 30 15 34 10 13 31 21 23 27 15 0 0 10 48 40 47 47
