Result Matrix: 
53360	59291	59266	60112	53605	65313	60222	61400	53659	62239	58385	54096	60305	54893	60885	70270	60506	62896	64628	61274	52595	60112	69994	70505	59252	64802	59196	64895	59031	69277	60213	63256	60767	62291	61509	57430	53746	66870	57561	53430	58559	64856	62625	58064	66253	69214	70619	71800	58244	56229	58405	62480	58819	61190	57283	59192	62718	59297	61206	62401	58213	63281	53965	60586	60412	63460	61762	67377	62034	55645	57888	68145	60165	56076	66923	63406	70495	62725	53268	62750	66180	57885	59065	63379	61682	61877	67297	58071	60201	61805	63826	66969	59998	55234	62794	58400	56619	64286	70251	62752	
59762	68474	59980	66249	58502	72636	60176	65066	53713	64720	61582	56546	66669	57312	68089	73003	65748	62928	68629	68060	58119	61485	68629	70113	64697	64523	63608	65781	64605	71698	64112	62106	66689	61479	67562	63639	62155	68228	57821	58733	61402	69041	68166	62504	65999	74831	73056	77447	54820	61230	69378	62340	58051	62160	62850	63218	60196	64522	60212	65059	59063	70057	62758	59369	58420	64261	68068	69270	64344	59870	59138	68457	66054	61047	62648	64388	71041	67883	55353	61129	59713	61481	65011	64626	64519	69846	65955	62058	63279	69959	64370	70871	64291	57848	68382	59303	55079	67485	69219	64219	
57634	59678	56781	56840	53659	62297	54046	54579	44860	61560	51078	54406	52626	49826	61350	61434	57008	54371	57691	60355	50960	56330	64832	59573	58905	58090	55392	58517	60045	62704	57588	52469	54218	57225	55930	58092	49372	60845	50664	49171	54629	60926	61142	54009	64900	66433	62977	65264	52539	56547	57011	50329	54281	55820	57835	52818	55326	61294	53455	60332	52220	63619	54514	51401	52825	56902	57194	63637	58291	58270	56624	61753	59182	56832	56563	60249	66336	59897	45700	54724	56790	53951	55119	55523	54401	58108	58450	52345	54066	60100	60056	63237	57257	49555	59724	49966	54226	63438	62621	58537	
59881	65844	61399	64257	59329	72619	60640	63740	56710	62055	63147	57112	66252	56012	67533	73959	64474	57979	68086	68995	59349	61292	73641	69241	63556	63108	60862	64993	63991	71684	61496	62471	65881	63358	66730	62321	60641	69509	61873	58427	61278	67077	64543	63293	66771	69456	72412	71127	55783	58791	63830	63426	61746	62843	62425	61356	61906	63720	58382	63881	57279	64233	62967	62359	65331	67000	66479	64390	65892	59012	60355	68278	62828	61265	63017	62088	68413	63974	57033	60509	63272	63095	61709	67093	64592	68197	69343	55865	62333	67794	65046	69651	61279	58996	67633	58656	60068	65747	67681	62395	
55861	55711	58775	59317	60814	65843	58678	59779	51856	60905	55967	49901	59120	52441	58995	69414	61511	59887	62422	65698	56069	55777	65757	65556	61771	61581	62557	57371	60306	62589	59645	60297	57760	60558	62655	56472	55133	63869	57584	53220	55577	62951	60465	58934	67096	67840	69470	64933	53028	52593	58435	56916	56375	59317	62424	56704	61425	62903	58378	58854	55281	61937	63103	59126	54933	60766	59472	62561	58031	56687	59897	68103	65726	59370	59955	61343	68106	59648	52282	58499	59528	58587	54144	60578	61925	64604	57926	53172	57936	63488	64083	60670	58363	55483	65056	55102	56706	60176	62376	66972	
55731	61031	56157	60238	55266	68071	56076	60513	52592	67061	58933	53468	62198	52955	64186	65183	59800	60233	66207	65072	58145	60840	66761	63352	60697	64236	62643	62549	61057	64210	61449	60403	56287	62808	62348	58469	55427	66295	55162	54842	59757	62835	61403	57382	64248	68494	67428	69276	55053	58980	62642	56015	55480	60047	61004	57603	58799	66340	58406	66313	56034	60886	57199	55799	56323	58862	60918	65639	58335	55684	58834	67428	58192	60493	59908	61453	67324	59867	49577	59599	63286	62123	61426	64585	59657	62239	63750	57311	57792	63193	63435	67775	59082	55121	65078	58603	60634	62636	65221	64759	
58398	63714	61323	65177	60692	71406	58760	59447	59321	62497	59163	57051	61530	56956	63875	71053	58798	58928	65472	70426	55717	60158	67161	64884	65228	64899	64289	65093	65736	70395	63182	62900	62880	60967	61105	61549	54633	63331	54925	57455	62752	68246	61049	59756	67497	70482	67557	72649	55384	59058	61650	59858	58126	63148	58647	58565	59908	65018	57746	63731	59198	67008	59906	56146	59052	63448	59889	68648	60158	60224	63687	65878	62099	57016	65338	63561	66889	64360	52858	59182	62220	60410	59265	63096	60713	64205	64839	57431	61424	64790	63569	63457	59735	55069	64715	60585	60981	66870	63248	67532	
56410	67196	59168	66454	58363	68581	61461	67391	57109	64606	57419	59721	65939	56732	68005	68033	62137	63508	67864	67132	58079	61996	72690	65890	62419	64858	64911	63700	62057	69773	60102	58242	62830	63530	63828	60236	56019	70276	57391	56780	61073	65305	64566	57671	68456	73520	67911	68702	59067	62962	65487	59850	60626	63491	59366	59853	61626	69056	60600	68164	57531	63575	61800	60995	61280	68063	65171	67879	61244	57657	56829	69362	61544	63405	63311	64088	73222	63404	53861	59707	57512	63385	63392	59849	62514	65881	64776	55863	63985	67041	61953	66531	58198	56917	65790	61803	57710	64156	67817	67463	
57003	64140	59169	65475	53613	64636	49624	63230	50498	61509	58792	55335	58196	53401	62063	65204	56228	59145	66237	65772	54395	62896	66687	63021	63393	61900	60911	62725	60042	63743	60157	59330	59206	62225	60343	63486	56681	63098	57303	54523	59258	66155	62620	58031	65981	70203	64944	68570	56615	58314	66195	57751	55262	61585	59081	57625	57704	61154	61140	64117	53983	62147	60763	56447	55984	60480	62499	66324	57458	57906	58312	63445	60952	58907	60211	56756	62262	63595	49369	56952	61326	56481	59593	64802	59103	66817	64875	55260	58944	58884	61721	63070	59448	49144	64540	57413	56369	61975	67342	58483	
65052	66037	66662	71064	65142	70635	63304	70473	56227	67574	62547	60093	65942	59143	63207	78196	65975	68476	68755	72602	59112	67517	77309	76375	67792	69330	70638	67598	64789	74550	63706	61813	60404	66981	68347	66638	59590	75883	61856	58524	62517	71863	66935	63323	69753	77028	74606	76878	65797	67378	67583	68596	62842	65882	64050	61760	69326	66092	66256	66058	61447	69081	66078	64388	64466	71801	70690	70842	68068	61144	66352	77643	69770	64994	67292	65416	76840	70942	56500	64832	68254	64748	67466	65220	66063	74070	70353	59567	61413	71272	69305	71040	64976	58516	73673	58530	63432	72303	74341	67034	
59819	60304	56305	60981	55910	69124	57599	63028	50474	61751	60111	56475	56553	56691	61783	66963	59181	59696	67377	65399	53311	60312	68776	62931	62964	63408	60111	65326	62674	62257	61947	60023	63553	65077	60917	59160	58839	66345	55894	53140	61677	63854	60853	59489	61586	69301	72574	70853	52223	62898	64478	59608	56306	61764	56515	61184	59930	65126	61514	64667	54174	63707	61295	60479	55543	62122	59668	66852	59014	55575	57881	67684	60238	56864	59590	64755	67037	63466	54142	54464	61131	55408	60651	61179	63158	64552	66430	54792	63530	63328	61500	67592	60636	57785	62385	56530	55028	65491	68042	66870	
55933	57350	60863	62255	53227	69245	55758	63031	51717	61152	56923	53071	65033	54207	62183	67999	58377	57500	63936	62106	54607	60670	68950	63875	61728	61687	61986	61104	60168	63276	54919	58335	58370	58556	60309	59615	53389	62941	53832	56718	58887	69704	59251	59222	63045	69513	70285	70064	54342	56803	65139	55042	56729	60393	58405	58874	58225	66899	57495	66946	56830	61439	57225	56128	58288	64641	61894	64206	56621	55552	59203	68135	60145	61325	60466	61803	68104	61313	51696	59739	58072	61066	58993	62691	57843	61464	63741	56953	57040	63313	62642	64043	55530	56256	62185	56909	58748	62331	69886	64159	
56655	61398	52689	60810	50520	60609	59025	61036	52596	63017	60099	59678	58114	51756	60852	64534	58687	55534	65195	61021	52482	59868	66397	63894	61026	58950	61038	60458	58699	64360	56298	58399	60679	58659	58206	56227	51634	64277	52857	56019	55354	59715	60350	56111	58745	65898	68631	68445	55004	60115	57031	54870	57537	58683	56224	57628	55590	61037	60375	62051	51775	62998	58689	57678	58492	59396	61709	61017	60590	54839	53498	68718	59562	56012	58944	58850	68004	60147	49058	50004	58893	54070	59946	58369	59611	59082	62671	57575	59110	63873	58720	61309	57366	54709	62548	55079	57046	63677	64383	61070	
54848	58949	54449	57157	54176	62486	54902	57452	49157	59114	57827	56117	59443	51858	62469	66406	58294	57055	60003	59095	54788	56316	64499	61529	61996	62383	54135	58876	57818	62924	53495	55839	58366	58550	60283	55156	49883	58927	52181	53057	55740	62233	60348	55283	61491	64736	66975	64606	51105	58649	55173	54298	50803	57677	56004	56030	56536	56842	53828	66345	51220	63248	54695	56161	57453	58718	59682	57990	55750	57361	50138	64858	61482	59548	57476	55484	63963	63066	45639	57239	57174	53724	56471	58291	56301	59622	60931	55908	54582	57808	60159	60183	55539	50670	59489	56318	54334	64805	62728	58537	
57400	56323	60088	59798	55454	64472	53126	55079	51617	58095	56368	51066	58966	52380	64537	69189	62601	59043	62722	65337	56997	59528	66410	63768	62300	57889	62482	62827	57748	67665	58927	55089	60461	54714	62618	58902	55156	64628	54537	50706	56284	61417	58668	57911	70008	65599	62473	66324	54627	53054	57988	52142	54186	59490	59072	59428	54868	61496	57132	60870	53125	61255	56257	52110	58106	64080	62745	61597	55334	54677	58695	61503	67346	57222	62940	60893	63548	63089	49448	56743	57407	61059	58252	63150	59775	62516	61714	54286	56391	62090	62478	65071	58704	50706	62121	58724	59004	63238	61693	59749	
54656	58116	56648	56284	53053	64247	58029	54340	47670	61378	50831	52384	55683	51616	59119	63928	54319	55667	57894	56206	49748	58443	63353	58575	56849	58165	58239	52248	53840	61344	53998	56434	52835	53609	57275	54443	50755	60423	47504	49284	54055	59821	59376	56555	62997	62343	60025	67407	53303	52259	55287	53536	53912	56978	56203	53089	58052	59448	54569	61719	52786	59700	52051	53258	58788	55450	54561	59322	53278	58027	53685	62280	57926	50987	57892	58794	62934	61478	46140	56144	56938	55537	53180	55676	55635	55827	57551	53645	49570	61818	57943	58733	56172	47749	58739	49912	54828	63589	59600	58081	
63840	61710	58005	63177	60126	71984	58438	62013	54605	63323	59194	58729	60665	57245	58721	73555	58087	60395	65614	67085	57580	61273	67533	67890	64384	61810	62904	64032	61049	67958	61454	60870	62887	63550	64148	59742	54899	70768	60068	58248	61189	67604	60810	58427	63680	68841	71100	75173	55714	63274	61495	59756	58246	61455	57128	60409	60619	61295	64659	62788	55846	66715	62028	58558	57061	60051	61810	66934	61692	56922	56626	67117	63789	59873	62896	67148	65064	64359	56843	57471	67274	58444	65844	61949	65347	61783	65312	60287	61219	64704	62727	65588	59653	57986	65632	57069	60193	66473	64951	63931	
53497	63082	62476	65728	56227	71818	60315	62620	49856	63495	57148	54818	61866	56786	61608	66845	61395	61111	67598	65309	56774	59651	69809	65718	62422	63791	63678	62641	62435	69987	58625	58115	60628	60359	65720	62365	57969	68073	57674	58407	59099	66459	63665	59765	67122	67791	72165	72570	56420	59595	65003	64281	62208	60374	58296	59213	57974	60033	60396	64116	56511	63482	63079	61067	59265	62999	62416	64653	61849	59191	60242	70399	64853	58014	61419	62603	66838	64587	54853	59044	64527	56286	60617	62437	64268	68318	64527	56232	58391	64465	64686	68392	62512	55530	66556	57237	55029	63223	66954	62728	
56951	56737	54385	57811	50947	63359	56808	57478	50677	58581	52748	51898	58118	49691	60725	63593	56208	57333	58672	61298	53144	52688	63206	59054	59298	59239	59035	55942	58116	61826	54623	56694	55777	56850	58082	54307	50601	60857	51944	50450	57616	64704	55060	55027	55989	63703	65047	66100	52986	56085	59088	53461	52369	58721	57221	57808	57391	56351	52875	61886	50198	61420	57834	56275	54572	56711	60093	63243	53633	53788	57296	64937	57444	55999	54418	59320	65750	59288	45370	53800	56013	54544	55722	56815	52114	61237	63071	54775	53932	61125	59739	61790	53863	50516	58253	50984	54638	60956	59810	58477	
62288	65699	65881	66881	62160	73375	61486	65905	54074	67248	61083	59906	65896	60452	66657	75338	63782	64773	67476	66456	55167	65887	71548	70486	65992	65343	68245	63349	63194	73062	62775	62990	62796	59918	64472	67145	60548	67180	58622	55279	58635	66399	66975	64586	70225	72817	69882	71688	55882	61425	61476	60417	60065	65981	64249	62968	64980	68755	63647	67425	55081	68279	65898	63889	60858	68337	64059	66411	61280	64404	60067	67791	70891	63140	65953	68225	69822	68743	56469	61306	63236	61636	61073	70635	64806	69553	68932	64721	61788	68853	66663	66428	63494	56942	69613	59299	56246	66699	70609	65912	
58276	64016	58919	59440	58686	64578	55300	59415	53580	59981	58012	55439	62617	56276	58431	64947	58069	62103	64085	64024	55262	59561	68343	64438	62992	58901	64689	58825	60291	67289	55976	56408	59690	59438	59740	62073	54395	63647	56072	53097	58407	62884	60884	57617	64586	68130	64579	65585	56734	58129	62088	56728	53624	58151	59002	57247	59644	62595	56925	64673	53646	63851	60265	59552	54494	64082	58210	63589	56671	59896	55981	65278	62824	56063	58419	66867	63882	59602	49184	57742	60035	59956	55104	62126	59224	63682	65757	52573	58542	59902	59851	66459	56016	52383	62813	57126	59347	63529	65060	63916	
50544	57640	51314	60195	52904	63197	52886	59062	53907	57072	56844	51964	59272	52283	59455	62637	55634	56204	63243	59593	52467	58561	62950	57621	53883	59325	55480	58641	54427	62882	57655	55870	56978	58477	58469	55211	50591	59269	52711	50783	57282	58108	55353	55242	61528	63706	63513	65031	50816	56090	56582	52693	50557	57909	52945	56400	56382	58724	55317	58702	56487	58283	53253	51688	54135	58926	57987	60594	54444	54481	55819	57493	56336	53148	59257	58337	63264	55095	52372	55072	53064	58368	57545	56373	52621	60728	58260	49809	56645	58591	55942	61865	55106	50938	60625	53762	56436	62700	59829	58715	
56746	61943	60615	60531	58170	66096	58055	62041	52939	62921	55039	54511	59612	53846	62544	70137	60173	56641	64295	64411	49533	60617	66746	64991	63047	60862	64699	59224	63198	66625	54751	58031	61123	61241	59964	58207	53509	64695	59103	57292	56968	61865	60141	60915	63799	69620	67784	73062	53976	56999	60525	56555	57652	60681	59418	60291	60380	63648	61906	62560	54313	62564	60739	59741	59044	60311	61282	63118	57805	57797	56792	66405	64080	58689	65211	61085	68395	62950	55137	57704	57775	58167	59224	60778	62648	63874	62953	57193	57525	65145	62393	65786	57794	51382	64298	57448	51339	64106	68455	61781	
52683	56458	52840	54945	50412	57784	53120	54258	43497	57288	50798	50810	54704	46237	56402	61602	52537	52455	58345	57448	45262	53959	60983	61515	53928	60458	53087	56483	54290	59027	53691	54478	51144	54546	55502	51364	49618	60674	50322	48174	48895	57397	55054	52820	56517	57859	60543	61879	49611	49922	54953	51275	52116	53524	53820	49192	53996	56970	51955	56867	47122	58532	52758	54236	51241	54571	54948	57527	57428	53090	54323	62448	56891	50328	52090	57237	62838	57052	44524	47603	59559	52767	53560	53857	53874	55729	59330	49287	52477	58296	55633	56443	55475	52019	56166	48884	51995	58313	60829	53581	
62816	64471	65927	66699	59316	77267	62577	66088	59499	65868	63437	62885	65230	57364	67938	75795	66957	63894	68284	72463	62752	64405	73705	70778	67072	71383	67957	66300	64875	71650	61429	67442	64228	67693	68109	65596	56949	72659	61448	59731	64627	67368	67567	62428	72822	75378	73272	73947	63104	63084	68262	62188	63023	66682	65628	60933	65318	63142	67780	68832	63278	67473	63947	62939	64415	67847	67269	69517	64218	58827	64209	74061	67693	63723	63654	66228	75563	70431	56224	63138	65015	58696	66994	62124	64149	70066	71435	60872	65137	67762	67713	69538	60945	61424	71286	60034	59068	70814	72338	67233	
61080	66743	64476	65517	60414	68803	61434	63609	54517	66394	60019	57814	63174	58621	66913	71460	63412	66316	66901	67505	58440	63818	70251	68893	63952	67138	66792	64520	62784	67248	57861	60749	62702	62943	68594	61945	57780	71614	63454	60200	59943	67847	64529	60907	70414	73880	73876	69587	60715	65164	65309	61262	57733	67926	64804	62274	60884	67626	61394	70933	60111	66491	60273	60594	61868	67304	61990	70167	61814	63411	60168	68553	66177	60571	65640	68553	73176	69734	56976	62468	64434	63223	61240	63807	61929	63841	68549	59838	60623	63079	64459	70474	63879	57027	67098	60934	60197	70144	71003	64733	
52029	54421	54493	52531	49051	62647	49626	51088	46276	53097	51519	49319	55002	48898	56457	61281	48648	51438	53507	51752	48507	53094	58810	56849	54391	51816	51554	51945	52117	56544	51502	51231	55656	53143	49984	53718	50505	56467	47243	47838	53617	56765	54223	52983	60005	59668	62277	60654	46580	52094	55640	51342	53387	54057	55091	54182	51472	58049	53275	55128	48979	54334	51324	48966	50422	55598	51422	58575	50419	54028	49016	57525	53085	51368	53925	53091	57202	57611	49557	48180	51859	48033	52900	53969	54942	57761	57401	48632	55094	54421	52773	59270	53736	51966	57028	47558	46136	56064	57120	56228	
59686	67013	65474	62760	61533	71480	61864	63663	56098	67852	59267	58902	63840	59294	67735	74301	65837	65320	65996	72449	60160	61773	67138	69907	65420	67508	68778	61979	65195	73694	63330	63948	65557	65861	67125	62181	63545	70584	61750	56553	61305	65633	65129	62841	70547	71256	74997	73628	57678	61646	66549	62022	62656	64737	64431	60141	61859	66303	63663	68050	60637	65138	62282	64016	63563	66602	63229	68059	60146	62115	66417	73248	71055	61252	64258	69519	71555	69764	61665	63124	66510	63421	63858	69484	67188	66284	72138	57016	64479	66332	67452	70961	63254	61082	67952	62067	59632	67935	70608	68192	
57166	62088	62731	62261	57218	70546	57235	59528	52754	63640	54460	56061	58595	58642	62250	71172	60130	58107	64137	63318	54512	62543	65575	66308	64902	61773	67353	65930	62180	68609	56948	57244	60688	61057	65146	59164	52986	71234	58463	54572	56298	66294	68944	64936	67798	69346	68033	70644	52921	59760	59595	60272	58014	60166	60245	60596	60042	65150	58764	60387	54259	62115	60389	62224	59821	62540	58793	63090	56262	59718	58847	65140	65473	58127	61222	67033	69798	65646	54600	59818	62651	60877	58451	62599	61177	63378	65448	57681	58760	65549	64189	61616	58613	56794	64772	56607	60024	65425	64328	66412	
55976	60762	54512	61759	55636	66291	55894	60675	50178	60062	52836	55916	60883	49532	60104	67613	60264	58168	64804	62448	54777	58034	66398	61546	61634	60262	59315	64137	55663	64551	56611	54895	58496	62666	61038	57236	50847	64764	54572	55838	61034	62488	62515	59334	60279	65250	68275	70486	58063	57002	62539	58392	56228	59386	55686	61098	58708	59228	56842	59545	53993	60240	60010	58803	55460	61427	63737	62421	59690	57295	57035	66279	61205	61542	55638	59116	68584	63750	50512	59382	58260	57904	58845	59836	59205	63842	62891	54785	58761	63190	62733	61912	57871	54614	65216	54558	57711	64307	65612	60239	
59912	67846	59263	67176	59299	73258	60833	67648	54273	66097	59216	57107	63701	59145	67282	70747	63286	61624	69945	69626	58157	61903	70720	69463	63144	67011	62474	70268	65124	70254	68054	61591	61416	64271	69538	65105	58745	66775	55804	56083	60123	69884	66412	60319	70736	72511	69292	76338	55224	63011	64801	59894	62124	64565	58625	60450	61332	67479	60177	68234	57360	65970	61797	61510	63474	65714	64821	67487	62098	61349	62365	75768	60865	66194	67906	61729	71997	65999	56094	60341	65067	60709	62576	68680	61748	61871	67137	58230	64362	68271	70153	67455	62828	58813	66640	59604	62359	67816	67226	71154	
52043	59359	52207	53919	50626	62229	55755	53730	47448	58036	50990	53029	54116	48120	55573	60879	53337	51425	56532	59593	48990	57852	59612	58134	57852	57274	57606	55237	53727	57063	50558	51501	56263	54532	56148	52139	50405	59739	48034	51844	48450	57767	53766	56197	58886	64282	65637	61423	49314	51702	56803	52994	53345	55455	51421	52662	53813	56539	58381	60345	50494	55881	56357	57325	53864	53366	57711	54351	51890	54255	52593	62543	61155	53819	54878	58038	61480	55075	50386	48880	54392	49789	54472	55660	55957	56859	58331	52072	52016	57726	53589	56296	53960	48789	55744	54481	49544	60939	58348	58371	
54667	57837	57484	56335	53065	62747	51953	58723	50017	59597	52862	54338	54916	49631	58056	63673	56587	58199	60503	59043	49528	52405	60789	60959	60528	58468	55364	54630	59809	59106	54048	56023	56111	59863	55100	57227	51130	60400	53514	51982	53581	60623	56154	53921	61075	66006	65185	68626	47753	53514	59202	55034	51204	52220	56389	52760	57453	53561	55122	56904	49772	60041	55274	55742	54223	57774	57169	62058	54958	54522	51521	61593	58637	51528	53351	56883	61220	56985	47762	53116	57768	52706	56595	55604	57219	59048	56404	51365	53838	60267	57511	59454	53118	49871	62506	51057	53719	61765	64943	55862	
54779	62438	61140	63279	57470	69781	61521	59511	55734	63211	59501	59735	64358	54635	63978	72978	63005	60875	62640	65896	51784	60570	66609	68774	63985	64928	62491	64857	65231	69097	60988	60980	63047	61368	63540	62430	57606	67721	58822	49376	56559	62280	65304	63941	69100	66775	69959	69989	56059	59311	61502	60408	58983	59882	59893	60927	61288	62339	57441	61043	55459	68634	58758	60387	62426	64763	66104	65776	62234	62417	56771	67993	63538	61272	67183	59978	68547	63057	54194	60271	64824	60476	63270	61074	62284	63873	64881	57192	63860	66461	64014	69255	59769	56753	67638	58054	58836	67838	64757	65064	
62807	62746	58844	61812	56033	66560	53127	59322	53338	63153	62198	58865	58567	57527	62869	70110	56550	59500	64985	66867	53653	65172	70832	66387	64009	63564	64316	62216	63946	62797	57437	62608	60306	64960	62022	61486	57208	66567	59706	52204	60430	65455	63679	64107	65615	69126	68992	69683	58826	65342	63335	62714	59842	60833	59280	65385	59558	63073	61923	66818	57204	63567	58180	62738	61902	61297	62849	66821	60392	60873	58549	69383	61266	59752	59948	66676	67918	65701	49142	60981	61280	59228	62365	61087	62548	70066	69479	56103	64233	61906	62492	66194	59648	54055	64108	61280	55269	66624	70820	64377	
51257	54154	53235	53981	51341	59217	52995	52918	45359	54443	47370	49134	54537	49455	49793	59314	54479	53456	54797	58228	48532	52166	59390	58785	51825	53208	51217	55126	56069	60775	53180	52912	48554	55600	51921	51016	48186	55008	47735	45955	49048	58296	56351	49859	57070	56915	56714	64516	47458	51707	55127	51401	51270	50255	51089	46879	51114	55988	52634	55060	47806	57519	52970	45865	50636	53344	50457	54420	49363	53432	53414	60789	55050	54112	57165	57731	59620	53399	45167	51471	55071	52261	51191	56482	53315	50172	56651	46816	54185	54182	55702	56278	51056	44879	51821	50679	51243	52533	56828	57111	
56896	67899	56157	64146	55984	66953	58868	62827	56933	61207	61796	57311	63033	56298	61832	71867	59855	57094	62832	65120	55035	61271	65367	65220	63330	63290	63797	58538	59488	71766	57818	59624	62825	62473	65940	63375	55405	64995	55343	55042	55762	67800	61613	59820	65020	73063	68817	73477	54992	61111	61764	58407	60351	63065	61551	59456	59489	58798	61775	64853	58173	64470	60518	59229	57541	61562	61707	66680	63503	58241	58131	68751	62433	62058	63970	60498	66204	64647	54864	56499	58986	63530	63652	61026	61009	66060	63907	56294	63183	63334	62803	65151	58987	56150	67479	54541	59503	67519	68625	65103	
51294	58783	53126	56965	54418	66409	53564	52688	50117	58322	54580	55848	53449	51134	61857	64819	54374	54146	63251	60050	51690	56327	62933	60793	56411	59992	56929	58780	58597	63112	51607	56505	56784	59597	60413	55546	51265	62412	54499	51072	56057	55572	58508	58493	61637	64442	65751	65793	48459	56593	52041	53767	53973	54731	51773	53370	53332	55873	56449	57414	53619	58346	52808	58014	53856	56638	54286	63409	56549	55034	52604	61681	57804	53292	54540	57125	62258	58187	48901	55923	58103	55146	57953	55578	56014	59878	58448	51645	57592	57723	57739	60130	53993	53211	63455	52373	53505	61677	62228	59677	
56507	54454	52043	55125	51790	60654	50144	59907	47372	56007	50584	52228	53152	48034	55239	62594	55825	53278	58776	58892	51334	53880	60258	57841	58877	55219	58748	59085	52997	58832	53249	52583	54473	55154	55493	52930	51044	60678	50901	47137	55127	54349	53860	47162	58858	61708	60449	65073	48977	52883	59507	51347	49571	54375	47905	49899	54088	56515	51877	56707	46368	56301	56167	51781	51485	56680	58329	58703	53013	48256	54760	60619	57142	52279	53673	58761	60804	56116	47759	48689	55479	49860	54423	55855	54805	56489	59135	50656	51318	57729	55467	57403	52648	49767	57348	50062	48053	58256	59103	55963	
58764	61746	60896	55888	57213	66004	54325	55583	54868	59839	58667	55067	56205	53562	60853	69006	58997	58483	61939	64505	52399	57297	63857	64452	59926	62058	61999	55603	59207	64195	56004	56736	60601	60040	59389	60028	54633	67147	57709	52258	59222	61308	56021	55428	63693	69411	63752	67305	51473	53757	59847	55073	57771	58408	60051	57012	58216	60636	59000	63182	53149	61882	58331	57204	52457	59079	55459	63902	56244	58212	56875	65182	60073	55378	57107	63533	63037	63447	51820	53900	60052	55915	59148	56104	56892	63492	63348	54207	59057	61801	58163	61172	56443	51852	58406	55586	50833	62360	63242	62128	
64524	63053	62755	64164	61701	68817	63392	64579	56787	62434	62601	55935	66823	57357	62205	74998	63352	65067	66508	67122	55924	61131	69796	70200	63392	63939	64107	66034	62942	70535	60230	64519	62301	60435	63925	62774	55629	66540	58291	54981	61458	65577	62288	59520	67039	73285	71744	73765	56019	60761	66207	61130	60819	60039	60301	59116	60194	64382	62254	62163	56831	67073	64680	61429	63813	69427	69299	69019	63802	56441	61543	71376	66436	61592	64418	66210	73687	63245	54040	63130	60051	61404	63602	65528	64701	67097	69362	57435	60055	65334	65854	65101	60097	56021	65891	57065	58114	65600	69566	65490	
62479	64327	61889	63919	59883	74765	61740	57796	54257	66425	55641	61991	59192	56091	63933	69566	56943	59382	66323	72460	53986	65102	67971	66324	64634	64707	64877	64807	65464	70071	58255	61955	62385	64421	61857	61667	54129	70147	59089	55305	57488	65932	68090	65131	65647	71715	72021	73739	56648	65809	64020	61432	64906	63590	58809	63235	61383	67246	64391	66365	56429	65635	63173	61609	62506	64565	60384	66517	61319	61477	59997	70332	63087	63372	64993	66238	70957	67252	54227	57120	67164	59733	65196	63849	63425	65835	68419	58301	62422	65285	63262	68587	62024	59262	63513	59596	58285	68996	67385	70840	
54023	58284	55230	60965	55239	64249	57385	59537	53280	60152	58442	54777	58953	55650	59917	67298	59371	57319	64914	61270	53307	55147	62572	60392	61149	60401	58672	60127	59058	64563	55618	58754	59290	57021	61157	56959	56605	57513	53904	51577	58591	59489	59769	56045	58857	65007	66127	71116	51572	56032	59971	58391	52854	56466	52770	55361	57659	62054	55592	57487	53780	60990	55354	55275	56016	61718	55304	59191	56554	56398	54913	64156	57121	53451	62109	58294	64835	64026	50979	54815	55295	55226	54777	61821	60456	60449	60208	51765	56798	63350	58571	60529	56822	52460	63858	55608	60064	60813	60696	59965	
58994	62919	60265	65347	58619	67371	57714	60997	52012	61597	58621	55656	57688	53424	62127	69856	60614	61007	61708	67212	58414	61937	68673	66181	62660	63629	65518	65691	60931	65844	60061	57156	59737	56434	64365	58341	57260	67190	54659	51260	57309	66223	63217	55829	66233	71327	70567	69247	54358	59945	60912	60180	54740	62692	58010	61425	60148	63534	60931	62349	55485	62743	60367	58024	62135	64724	62497	66907	60275	55352	60217	66039	66803	57934	60732	62132	69358	64357	52935	57690	59006	58072	58708	63106	58826	64688	65892	57643	58294	66643	64535	64262	58280	58492	66148	57466	55080	63562	67351	65770	
52721	60783	50821	53764	51836	65048	57933	54566	51292	61911	56791	58302	58732	52029	58473	67650	56802	58080	59620	57736	49880	56187	61625	62709	59190	63097	59382	54441	58074	63308	57975	59823	59044	59269	60722	51663	55205	67314	54632	55183	56307	56874	62711	56720	62152	64565	64583	68488	55140	57951	61309	57587	55963	57503	62759	56049	59721	58174	59475	58450	52815	60741	55694	56539	58859	58178	59217	62422	54838	52275	55095	66277	60837	51614	60061	57348	66037	63118	46805	53198	57059	54020	58193	56701	57636	64657	58905	56626	56929	60128	58400	60752	58188	52449	58200	55229	52243	63892	62849	58975	
55656	56050	59386	59937	51463	62326	51148	61179	52980	59259	57233	49205	57801	56124	54830	65340	57110	59346	63655	59150	53809	60557	64433	62421	58820	53162	63116	56201	50427	62324	60403	54561	58264	54782	59502	58748	54557	62671	54717	51749	56383	60181	57464	55874	60776	64495	62125	70472	52362	55833	55998	57267	55190	59143	57940	58998	55534	64814	56135	56705	55894	56273	55781	55226	55647	59310	55496	59024	54148	52905	55909	60154	60659	52714	61154	61112	63973	61248	56038	56702	55482	57147	52865	62865	58418	59483	58810	55713	55767	62532	59965	63068	58023	52406	62339	50543	52135	60971	65659	58273	
56534	59571	58193	56829	48106	64320	56375	57030	52944	58571	53788	56848	56835	52700	55499	65256	54932	53273	61363	61637	52000	60367	63355	63883	59405	56163	63344	54006	56839	62935	58587	53599	59376	57985	56804	58599	54783	62069	54768	54056	55862	61108	58927	60420	62772	65153	61199	70154	53909	54964	61558	56615	52481	59779	58879	57892	58531	59703	56862	57982	53669	59588	56532	57991	57305	59820	56349	61824	55775	56599	58675	64646	64146	52575	60876	62469	65112	58990	49480	54930	56605	55548	57891	62284	61206	58933	60492	53111	59289	61232	59308	60431	59175	51069	63886	55952	54333	58881	66220	57686	
62486	66983	60140	64390	58934	68847	59588	60412	54546	62648	60075	53396	62584	55524	64945	71995	63077	64223	67214	68500	61240	60820	68722	67338	59636	60727	63437	65777	60504	69445	57099	59191	61328	62355	66920	58607	57370	69327	60968	55406	60962	65225	62694	58114	63509	68645	67125	73456	56613	58679	61648	59903	60633	59144	61110	60719	63296	64834	58680	64434	56727	63410	59138	56246	59653	62144	58170	65288	61899	59029	59111	68444	60462	62313	60625	67223	68549	66872	52419	61661	64762	63059	57969	66200	58966	59940	67904	60433	60525	63850	64036	68324	57555	54743	61833	56385	58680	62999	66151	63673	
60577	64061	62420	63512	59152	73591	60754	64678	59243	64903	60456	59571	62820	58808	67179	73581	66690	64238	66379	69149	60426	59215	71365	71986	66374	67607	63225	65137	64695	70265	63413	64291	64541	68068	68350	60851	60341	68005	59701	58984	64261	69713	64284	61216	70349	71555	73863	76191	56383	62545	67277	62660	62861	68644	64561	61323	67620	65112	64367	66534	61319	63114	63024	60932	62129	67042	65881	69442	62319	59066	65117	75258	69343	62269	66521	66626	74914	69227	57823	60643	64419	65122	62096	64174	62814	66132	66223	57598	63028	67151	65327	68840	63053	57773	65014	62092	63286	70200	68317	68237	
54997	59674	56412	63294	54107	64892	58625	60759	55136	59312	59990	57504	61215	54440	61393	71324	60810	59739	63867	59246	53111	60050	66397	66152	60990	63515	62939	62401	61478	67012	57882	60899	64695	57965	62882	58064	55848	65528	51496	53372	58456	61854	60957	57330	66486	66912	67496	66338	56826	57653	60766	55017	55730	63734	62263	58093	58932	61614	59934	64149	57009	63137	58770	55229	56971	62014	64594	63499	57470	55821	56464	67080	64865	58457	59282	56827	66087	63081	54025	55042	59820	56652	58030	61174	54347	62629	63542	59371	59300	62731	56462	66031	59806	55400	62684	54938	56806	64818	65901	58893	
58933	65720	63337	65548	59931	75093	59726	58483	51967	62564	60151	58066	62602	58988	67385	69866	65739	62252	65500	70618	60399	58790	69322	68198	65395	67758	63098	68195	65464	71367	60780	58370	62933	63709	68406	65269	57397	68754	61377	58590	62479	66114	66719	58668	72223	70652	71910	71886	54427	61297	64699	58981	61456	61571	61442	57178	60710	62541	58636	66046	59294	68666	56062	56432	58517	64601	61997	65799	64507	61814	61132	70560	64934	60470	61485	64000	72588	68676	51603	58208	66869	61011	63204	64471	60995	67676	64279	60928	62091	63679	63676	65382	61756	56007	62676	61097	62591	67535	67532	66107	
57399	59803	63538	60368	61207	68189	59980	60186	57212	63878	61816	58243	63635	51001	57632	72313	60259	62219	61825	66344	57370	60832	69542	68080	63993	67537	63290	61497	61256	68712	59597	58671	60891	61686	64273	60046	55016	70332	57402	54745	61575	65021	62097	58778	64260	68907	71434	71562	56128	59804	57926	60344	59296	62840	58462	56007	60770	63738	55371	65279	57183	65870	60136	61496	59123	62404	59831	67925	62134	58999	61741	71252	63091	58755	62462	60557	66465	62365	52768	62516	69405	59952	63133	60801	58619	61406	69001	52697	59564	61971	66114	67645	60750	59861	66351	52224	58884	65542	66789	65463	
57814	62078	61276	64757	57154	66000	55579	67608	54776	61261	58901	54644	62441	57255	60444	68694	56445	58401	65790	64756	53475	64448	68393	67612	63490	63333	62709	67202	63686	66759	62321	60428	60728	60920	64336	61301	57379	62961	57551	53146	57709	70685	62634	62239	65393	71749	69630	74541	55510	60607	61717	58612	58410	63660	54295	62206	61534	64780	56610	62486	56854	69081	61790	61739	58575	63003	66829	67382	57642	57543	59297	67201	62023	60305	64202	66745	69085	63747	55420	59236	59551	59401	61266	61607	60720	63942	66471	53801	60071	62674	62000	65401	60505	55586	63599	56875	52570	64440	70892	65689	
56019	61159	65253	62753	58100	67424	60036	58943	53246	62391	55998	56065	65531	53768	62722	69862	59446	60974	61486	66032	55001	57313	66467	67003	62534	62059	60686	59047	61192	68478	54091	61964	56443	64629	58482	57671	53333	66258	58442	53336	56946	62730	61319	55430	66007	66419	69508	67898	55431	55750	63833	61003	55584	59881	59367	55383	60186	56965	58956	65760	54003	67868	56601	60128	60116	60509	61098	66750	62173	63086	57089	65498	66652	59396	60437	64063	66873	66217	50054	59984	63372	57523	59996	57251	63860	62344	64982	55348	59247	62636	62572	65264	58172	53806	67437	56501	57439	63425	64519	60927	
58064	61966	60984	62702	56036	66906	57326	62054	61297	65677	59902	60096	63162	55334	63498	72396	60961	60919	67490	65674	55923	63170	72518	65551	69567	64697	66278	63207	65424	65680	58812	59016	66537	64308	64417	61996	60565	70420	59081	54012	60378	68004	65530	63275	67914	70334	70658	72554	57501	57017	63931	60551	54908	65297	66176	64931	66359	64618	61054	67152	55962	65804	64035	63739	59950	65868	65835	63646	59596	62875	63196	70647	70796	59622	59557	62185	67990	64654	52204	57106	63869	61622	61478	62206	60319	68421	65985	57828	62107	65860	59144	65313	63275	59052	66304	59295	58958	66446	67408	63996	
60828	59018	61717	62629	57914	70537	55691	63808	57892	59901	59142	56384	64062	57617	63907	69770	59326	55102	66754	67335	56636	63463	71229	64037	63387	57139	65036	66503	60345	67952	58543	58930	58042	64339	61470	62698	56405	61708	58191	55040	62952	67267	61959	61790	67776	72459	68571	73547	54823	57452	65728	58208	60908	60618	58351	60213	62804	67546	59622	61376	59884	59859	61338	56260	60880	65964	63827	65018	59062	58562	65096	65238	63308	58894	62525	68335	70150	61568	54753	59484	59730	63248	65015	68972	60130	67008	68465	52787	61432	63742	63329	64782	57642	55344	64960	61706	58805	59208	69975	64708	
59579	61585	55429	60446	55440	65392	57370	61368	58545	62805	57101	55687	62147	56922	65213	72430	62214	59392	64483	67338	54702	60401	70614	64684	62046	63096	58809	61920	63332	64736	55839	59871	60297	59467	67532	63445	55707	61318	57917	53627	57595	64581	57510	59148	60685	73929	72530	75355	51476	59877	61869	59359	54538	61942	56276	60953	60979	62591	61007	63478	56445	63220	60162	60800	57594	63564	61405	65936	62362	58895	59028	67506	61354	58621	65021	64485	68725	60099	53270	59915	60114	62119	62629	59888	60239	62288	62266	56588	59545	65090	61939	64256	56765	52149	65420	56636	57967	67547	64440	63506	
58644	62434	59607	62136	58433	70405	60171	62977	53720	60143	57032	54570	65188	55545	64963	71935	64631	62293	66057	68320	56311	60311	71068	70279	63307	63458	60357	60939	60032	68873	59956	57250	59473	62722	62060	63409	56063	67608	58164	58264	57584	63344	60897	57404	69312	72233	69931	69349	57866	56354	63293	55690	62500	61607	63140	59720	61016	64213	59944	63103	57941	63601	60279	55661	57236	64732	65319	67120	65359	60486	56437	67087	63625	59769	62676	62127	68328	60692	53160	60705	60755	62257	62717	59881	63440	65855	63276	56872	60819	65067	64550	65099	61232	57320	67867	54789	57550	66087	63437	60528	
62403	62598	60737	61647	57004	68665	61261	61690	50499	62214	57610	58541	62026	54974	68424	67764	63131	62798	64907	71317	56559	62109	68250	65635	62808	62004	62854	64360	63419	69638	59882	61012	59840	63317	59695	60532	54410	66726	56642	55420	60325	64525	65251	61397	64041	70809	70893	71187	57367	61988	64534	59137	59669	62382	64429	61434	58810	65436	59620	67000	56439	65810	61108	54259	60615	66140	64753	68127	62437	60287	61323	70250	61638	59463	64887	67037	70997	65344	51829	59667	69645	58537	66391	64180	61848	64848	65997	58910	59615	66358	64459	68349	61291	53630	66281	57146	60825	67799	67154	64196	
53204	57299	54081	59380	55215	60318	50219	53085	46902	54120	53816	51472	54073	49904	59569	59888	54717	53953	58707	61337	50913	56390	60057	57481	55679	57758	56648	60300	56307	64402	49660	50447	57267	52714	55160	58096	52095	57142	51808	47706	52971	57075	52907	55360	57721	62465	64034	61752	48781	54700	50073	49851	52782	56773	50809	54697	51801	59539	51483	55701	49956	58564	51820	53437	49735	56980	52979	55408	51185	52646	52537	59713	56097	54086	54792	59093	61394	61058	48677	48121	58480	55908	53644	57014	53611	58397	58257	47806	57740	58357	56976	58216	53896	48217	57834	54607	54417	59501	62589	59418	
57452	63860	61474	65751	60841	68253	60745	63031	55338	63571	58721	57332	62731	54071	67739	68668	64452	64239	66116	65474	59740	58816	68421	65296	62835	64486	62633	60498	61035	70569	56907	59401	64702	66297	63046	58262	54043	69625	55595	54422	62932	64725	63597	58120	67969	70669	69296	69370	56615	57637	59928	57224	57810	64318	63910	57392	62024	63750	61051	69533	58421	62425	61471	58396	60616	63563	61426	66047	59256	60837	57886	69334	62282	63544	58943	60723	67333	65145	54031	60641	65271	62195	59436	61004	59918	62923	66867	55307	58679	65756	64160	66009	58001	59297	67715	55420	62488	66472	68454	67414	
64083	66369	65744	70098	65598	77019	65963	72530	62558	67420	64764	62333	71344	61801	73569	83298	72236	66711	72501	72350	64009	66910	77518	74207	67574	72919	65733	73227	67294	75007	62338	67611	68039	72526	75669	64769	60752	74966	65434	64618	69828	73044	68807	63721	73197	79128	79309	76659	63188	64015	69783	64138	61704	70757	66932	62870	65724	68027	64339	75197	60409	71024	67503	64271	65286	70704	70394	72926	68981	63155	61809	74233	68934	66119	67631	69694	74584	72152	61059	67276	69875	66418	69047	66799	66979	69885	75388	65561	69128	71721	70051	72061	64437	63956	74989	64394	66057	72036	73470	67652	
53932	53191	53591	55278	51044	61395	51077	54996	44920	53331	50845	46485	53930	49426	56816	58961	52928	52829	60992	57643	51133	53030	59107	59029	50475	51491	50804	57112	53053	59587	49307	56195	53059	53521	53975	54337	49215	59327	48933	46945	52121	60961	54250	53679	57790	56619	57447	63058	48807	48054	53818	51605	55510	55104	54590	53348	47225	56864	49259	53810	49691	55673	55978	48257	55459	56917	56524	56705	51943	53406	51135	56689	54239	55510	53417	57258	58917	56303	47609	52384	55940	54975	51438	57287	50940	53927	58217	48269	51270	57944	56957	61114	50385	45093	53498	49769	51690	55666	61354	52543	
53489	61642	58496	59357	56841	64316	58390	60828	49502	57763	54791	53033	62168	55590	58392	69389	57496	61363	60914	60726	51202	59666	65630	66847	54227	64720	56287	56734	57951	64532	59174	62975	56053	60179	61627	57577	52698	64932	55556	53113	56985	63961	61994	53301	62829	63388	66084	66756	57240	56715	61203	60800	54351	59741	61805	55646	60735	58087	59475	63676	53170	65396	58741	56475	54410	59170	59017	64500	57692	58171	55246	67039	57830	60549	58181	61413	65978	64193	49849	60337	60337	57385	55556	56918	57830	61630	63516	53590	60158	57703	61752	62489	58617	53769	60404	51907	52307	63017	65809	61939	
52437	58154	56063	56148	50062	60461	54227	60128	50183	56840	54356	51781	59729	53099	57446	66788	56967	55474	55500	62336	50351	55854	65526	62574	58635	59085	58351	59127	56268	63222	56098	54668	57053	57142	58505	53057	53046	64448	53199	49656	54207	59355	57752	55849	61047	67193	64897	66777	50095	52077	58235	55918	53995	57238	52584	55225	60559	56070	53170	54395	52757	59046	54761	58715	55494	60044	61433	59772	54301	54894	56412	65576	61424	55776	57169	59531	64636	62799	47938	53653	58476	54456	58211	57973	57703	60299	62050	51078	55144	56888	59704	59611	54724	51812	59474	54647	52371	60353	61647	59395	
57149	62632	62007	62030	57308	68394	60867	62168	54521	66920	59469	57623	62541	54922	59915	67238	57416	62002	65119	65533	58907	65495	67882	68660	63818	61151	63570	60695	60878	67512	55924	60156	61622	57157	62299	64156	55159	63917	59872	55197	55269	66586	62623	63957	62977	70565	70722	71845	56448	60481	61091	58135	61130	59429	58324	60244	60028	67552	57664	66788	56221	68199	61349	65088	62477	61959	63364	64057	61244	60319	57816	69872	62966	59906	62127	64411	72171	60062	54680	61940	62282	62431	60018	65541	59824	60691	68438	54166	62346	63765	64997	67006	61446	55389	68455	54405	56598	63379	68548	64996	
58916	60030	61708	62000	55763	66985	56918	63293	53963	60678	55100	52908	61764	52458	59388	68675	61151	58795	63561	63191	54296	59000	68674	66820	60205	58454	60978	61003	57791	66195	55367	55292	58408	59317	62230	60180	50429	64522	56770	56687	58457	65670	59107	52673	66924	67452	62310	68401	56508	59163	59886	57480	55778	61303	55490	54319	56403	59357	58803	63044	52959	61854	61705	59164	55489	60016	63150	62911	59932	54426	52153	69561	62153	61926	58297	61543	71841	60417	50885	58807	56478	54428	56852	56325	58259	59692	63124	56581	58509	63699	60238	63551	54750	51955	64249	55554	52779	59357	63419	62597	
62279	66735	61829	63478	61302	72666	57116	64662	55375	63159	59079	54849	60942	53931	63956	71176	61566	59341	67097	66814	61131	63497	69403	65098	66541	61942	63794	62346	63008	69815	60520	60994	61675	65736	65071	62697	52165	66062	56193	54603	57320	64529	62812	59801	69275	66978	73031	72341	53352	60900	62233	54927	57968	64402	60189	54915	59446	65363	61663	65401	57035	65830	65279	61652	60107	59392	62688	63515	59649	62545	61851	70216	69451	63955	61165	65494	70457	65262	55407	61161	64325	59751	59689	63416	62566	63857	66536	57574	59054	67436	68188	65107	64412	55831	67306	57146	61835	66821	63190	66568	
58741	59277	57609	61539	53855	65386	56862	62569	54735	60850	57710	53633	63172	56409	62881	65959	57634	59158	58861	61839	55150	57643	69421	65772	60257	59526	59733	59988	60900	64394	56580	58282	59641	58004	62956	59838	52331	60848	56582	51048	60217	66628	58578	57971	63994	65936	67297	68604	52632	58428	62074	55296	57538	57891	57954	55584	60095	63683	56659	63004	53343	61489	57550	60001	57078	61553	62911	63161	55148	56028	56603	67611	62768	61218	57945	61592	68607	60921	51534	53859	57048	59294	57331	62079	54944	61783	62523	53073	58876	58189	58768	64087	59757	52921	60371	57332	59107	65662	60640	58811	
57412	56259	56046	57937	54235	65124	54196	58319	51399	57567	57212	51926	58839	48184	53743	65719	57523	56780	58498	63750	53115	58622	62439	60794	60306	56112	60773	56204	55587	62204	53935	54896	57893	59910	55892	52772	54084	65941	55451	53309	58154	60375	55220	56116	59460	62615	64527	69039	53619	52263	56182	55159	54935	58652	58623	58479	58784	60316	53325	58707	54823	57645	56679	53690	55465	58179	59695	61225	55809	54033	57497	62019	61817	52965	54870	59694	62921	59914	52199	53906	58360	55686	54946	57382	54823	60558	61015	53651	59000	59175	59543	64152	56935	54622	59270	52300	47846	61425	64678	56863	
51631	54711	49269	51644	46956	61919	53176	53797	49183	57744	51549	51555	55981	50514	54097	64707	55736	53716	55877	57889	52050	53277	61665	56519	56787	54035	56674	55177	54541	58495	52996	52723	57479	53885	60281	55671	48557	60824	50014	49275	52998	58785	51968	53047	59350	58459	58752	66920	49002	52646	55637	50023	52055	51482	50216	49670	51167	56733	53826	56776	49164	56898	53450	51998	50568	54718	54323	56449	50824	48614	51061	64353	56471	52559	53455	55085	61673	55018	46411	49746	54896	51764	55076	53595	51699	53702	56192	47160	55032	56624	54823	56152	52309	48582	55742	53748	56649	57327	55340	57208	
60924	61812	59224	63704	58936	68080	58422	63819	56374	66134	57911	61779	63545	59439	69213	75055	63432	60166	63186	65793	53925	59897	71066	68095	65236	64854	63444	65006	63351	68814	56756	62056	59994	60740	65166	56563	56221	64329	56434	55963	59060	70196	64227	63031	67424	71344	71058	75205	55481	58909	61213	59672	57251	63161	60181	64901	64640	67312	58927	66820	56898	65931	60487	60209	65294	65101	62375	65643	60959	64363	61901	67310	65988	59777	63315	67969	68911	66230	56625	58984	63799	60639	61898	62462	60943	63937	64625	61114	60468	68983	64293	61757	59129	56955	63409	61696	56969	68307	66331	63521	
53789	56623	52525	60565	50783	59748	52589	54438	49788	54827	54238	55804	53451	49049	60657	61616	53182	51650	58530	60216	49048	55014	64069	59278	56329	55540	57858	60043	60294	57319	55530	53790	56909	53113	50095	55539	50761	58577	51835	44846	59324	59657	61218	56277	60307	65822	59934	63405	54500	55034	57064	52133	48387	55103	51825	58718	56178	58187	53331	60141	52375	61410	54940	54876	55716	56767	55584	62007	56982	52818	54975	60605	56910	57472	56254	56478	60898	56274	43420	52588	53223	54106	54389	57695	55565	60330	54919	54289	55436	58229	53827	61666	52535	48844	62318	54656	51738	58998	59125	56679	
57932	62235	61891	63553	62911	71374	61235	62427	55573	64861	58559	61604	63024	55569	61685	72416	61942	63701	66881	65281	56755	59582	69212	68448	64501	67333	65124	63557	62874	67588	62932	61210	59999	63680	66179	59105	60452	67734	57978	55669	61299	63595	66557	60780	69242	68377	68681	72057	58777	61303	64647	62169	62373	59867	60563	60638	60173	67467	63485	64572	60910	63146	56847	62139	63195	65183	63033	68598	61424	60348	59879	67987	65441	59440	64030	63177	69800	63802	55462	62359	62127	63052	63570	65279	64035	63884	67608	53210	61697	66444	65310	66660	59003	56138	64189	60539	60498	64278	70677	65454	
54576	55702	54503	51874	53402	61984	54940	51261	48345	56241	53021	53564	52984	53966	55609	66186	55409	54462	59679	58456	44884	56259	60205	63537	58887	55777	55984	57526	59256	59323	52550	53032	56807	56588	57670	52298	49719	59157	55548	49841	49583	61025	59219	61605	59286	66987	62156	67773	50633	55436	57775	51932	53487	50434	56347	57794	57404	59505	56970	52502	53319	59636	53490	54379	53695	60036	55847	61448	55052	55364	53284	60520	59660	49529	61139	63642	64196	55002	48652	52173	53874	57364	57886	59144	56177	59070	59229	54246	53405	56246	53348	58302	55504	49937	57739	52955	52539	63468	60120	59112	
56582	62462	59343	59969	53439	66218	56690	60127	49582	58729	55405	57082	61955	53374	63508	68986	63579	59015	60604	65554	57259	59496	68099	65167	60189	59813	58750	61328	58774	68987	60774	56814	61156	60929	63696	57139	51282	67007	53500	53412	59281	62503	61271	55745	64769	65094	66252	68039	55081	60437	61259	55601	55361	57969	57448	56313	55520	59175	54845	58307	54503	63322	57382	55776	60794	62966	61421	63016	57187	59214	54717	66832	62538	59544	63604	61116	66447	63375	52282	57986	61569	57721	60661	59999	61749	60739	62478	56854	59835	63665	62742	61300	57441	52912	59469	54338	59931	64054	63695	62142	
65060	58238	63992	66569	61509	69189	61174	65779	56280	64987	60648	59488	66175	56908	63589	72464	66040	64786	69805	71128	62178	63613	72809	69025	67109	66336	65480	65313	66565	69715	64568	62878	58726	64170	68345	63592	58652	66557	60956	59359	57110	68802	64270	62051	70223	72422	75567	71163	59115	64636	66334	62527	62369	61098	58801	62360	62642	64664	60769	64951	57666	67955	61629	61052	62202	70097	66820	70301	65847	60256	62783	69194	68996	61636	62253	71208	72648	64728	55770	62681	63178	63282	65536	66267	65078	66224	66776	60577	60009	67154	62866	68476	61971	57660	67066	60362	60904	68558	70566	64673	
57533	63399	55247	61931	58435	69734	59373	62116	57004	57546	55426	55006	61482	54690	58992	69321	59929	56325	65141	64990	55346	58156	68070	65330	57459	57434	58010	59930	61816	65196	58077	57931	60967	60773	62659	57757	58247	62643	52130	58594	60547	65989	63844	57200	61905	67968	64888	71799	56479	57927	62041	61042	58163	63235	57362	55934	57305	65113	58046	61351	57655	60474	64890	55039	56547	64568	59753	64734	64696	58115	58146	69053	58927	59892	58557	61694	65454	60294	53929	59118	56036	60508	59395	59904	60640	57953	63157	54508	61933	62791	60993	63209	56942	57196	66049	56192	55194	60008	60943	65527	
51583	55757	59528	53844	52520	62262	59625	54933	49047	56779	52464	54452	54372	49787	62779	66906	56322	53879	58401	57683	51029	54205	64103	63061	60601	55450	59572	56934	58984	62622	54788	53171	59846	54145	57282	54948	52256	60171	51201	52118	56950	62108	61227	59997	61741	61267	62113	61715	52677	55098	56638	52025	52135	55385	59090	57089	54526	59023	54142	64462	52842	62042	53608	55220	54127	57718	56031	60480	56563	55554	50675	61565	61548	52125	55814	56403	62382	60435	50055	54828	57690	51949	58267	55755	56519	56747	62165	50706	53536	59260	57916	68753	57488	52556	62600	52263	51554	60391	58911	56652	
55995	61648	59465	60350	56678	68695	57181	61521	53142	60685	53408	53867	57200	48806	63945	68468	58792	57248	62941	62234	52408	59543	68803	65070	57690	59484	55303	63517	59836	65548	57584	58484	59729	61559	60262	56397	52930	64142	52980	56620	59740	65875	63602	56669	66599	66298	66187	70969	51493	55490	61759	57919	58498	59341	57779	55764	56871	58529	58441	59113	53757	60831	60227	58512	57476	60203	62723	62166	58051	57638	58573	70020	60936	58503	60518	60855	71946	61845	54215	56129	59704	55536	58149	58555	59781	61178	67337	52264	57021	63529	62914	61810	59543	55095	64037	54575	57007	65651	59241	62618	
60272	61598	59800	60658	55942	66744	58588	60466	53335	62191	55179	55197	58600	54384	60528	68885	62076	59100	63982	63904	53270	57677	66505	66233	64675	62780	61378	60388	64552	65870	57622	54112	59955	60169	57818	61377	54649	63045	55882	56692	57073	62488	59211	59294	65253	73264	71061	68514	52447	58581	59165	51656	57510	62625	58288	59236	56903	64759	57295	66192	54201	62780	60908	56228	54520	60717	58019	64246	60271	59355	56006	67466	60834	58490	63606	63570	65286	58392	52258	59338	61452	58625	59145	61567	62740	60324	61968	55195	58796	62595	63627	64735	59610	51716	62856	52646	60623	63744	63208	61523	
61683	61710	59224	63358	56533	68781	58046	58381	52151	58547	58080	54675	60030	56645	61509	72506	58192	59899	64000	66526	56238	62041	69144	67437	58344	61995	65264	60845	61232	67751	61420	58499	59908	58765	63997	61436	53882	67194	59232	54434	58697	63169	60727	58029	68602	68945	68587	71780	58417	63113	60152	57500	59767	61474	59644	58361	56902	63264	60736	62267	58912	64495	58696	58497	57025	62686	61922	66877	62999	55644	61035	70306	64096	60652	59500	64652	69401	63755	52458	58246	59900	61139	62915	60849	60495	64650	61565	57837	60380	61572	64301	66034	59885	57235	65709	57931	58233	63947	68653	62410	
51042	61256	52718	56820	51363	61103	54586	55594	46285	57252	54278	51050	57857	49872	58898	64334	57064	54202	59914	61143	48811	55678	63587	59261	54610	57472	53946	58236	54497	57676	55880	52926	51979	56585	59183	53506	50288	60002	51514	51223	50794	56668	57147	56441	58467	60408	64716	64949	50052	53457	58014	56134	54672	50935	51278	53690	57020	57822	55343	54453	49949	56843	53928	55514	55509	56947	56301	56157	55836	54819	54462	62615	56384	54348	57423	55108	62242	57258	46502	53853	53566	53567	54701	58861	59487	58769	59809	53758	53077	58970	57644	57126	54508	47474	57779	54838	53051	61256	57994	57508	
59398	61564	57782	58964	54224	69560	53177	56626	51916	58111	56842	52437	59845	55081	56646	69081	56110	54469	59750	65587	54894	59868	68556	62826	60862	59798	56433	62037	57238	64618	61573	55313	58733	59965	58651	58840	53933	65705	54778	53925	57068	64957	60942	57817	66011	62671	65209	70621	55860	57771	60960	57749	53847	59350	52695	57852	56130	58012	59906	59057	54382	63216	59901	56433	59620	57678	61320	61568	60887	59409	60772	66631	61802	61572	57601	62451	64947	58419	48912	58796	57275	56350	60842	60655	57206	63486	61794	52598	58715	59764	58521	60836	56310	53185	58192	54165	56089	61233	59367	62869	
58280	67120	60297	63764	61120	70939	56867	61132	52203	64267	57186	57221	64148	54930	64755	71875	61980	62424	68594	68288	58756	64691	68980	68082	62731	64022	63623	64750	61760	70249	58071	59458	63426	61514	63293	63126	58799	70101	54666	54115	60394	63586	63398	53622	69449	70678	71758	73810	58380	58771	69708	61186	55967	60859	57843	59595	57815	63297	61475	65715	57208	68538	59085	58771	59028	66062	68842	66567	61991	59663	59403	68794	68991	61157	59909	62702	67381	68073	52809	61974	58101	58585	62088	60068	63695	66915	66346	58212	59179	69294	64083	67807	59914	57483	68117	63175	57317	69779	71174	64584	
58497	63007	60330	63191	55831	67924	61465	64150	55781	67002	57270	58741	63874	56502	61945	71869	63555	62314	66359	68038	54514	62594	67573	65766	65849	64747	65002	59410	61323	66663	58036	58012	59851	62653	62281	64311	57731	68183	58810	58340	59486	67402	63415	60303	65073	72287	70808	72767	55775	58334	62407	60475	58895	61356	62426	60086	63244	62099	60987	67332	54998	63269	61601	60131	56853	64233	64363	65589	60857	60340	56664	68877	65250	60156	58956	61988	67465	63045	49836	60605	61262	61581	59624	61339	59726	67098	62966	57117	61004	63945	60853	66425	59362	54246	66105	55742	58729	67172	68917	62261	
61045	65242	56027	61734	56425	67761	60773	63160	52256	60792	60718	60124	63435	57954	64471	71270	64133	62192	64116	66850	55272	60634	68070	68972	65202	63805	63948	61834	61682	68258	59985	57569	63015	61153	63675	59764	53151	67094	57784	61341	59716	67173	63320	59946	63806	74250	70898	72192	58218	62767	63576	58325	57701	62175	64022	63126	62592	62173	62096	63076	56819	66255	62251	60664	58775	65102	65165	66782	59746	59879	57911	73808	63265	61782	63352	62635	71342	64407	51176	57366	60883	58815	63067	62780	57435	66348	61412	59832	61696	65158	62505	61901	61539	56216	65645	56976	59708	69669	65366	65339	
57622	67112	61184	64622	61592	70399	62962	63134	56345	68488	60557	58043	65120	57537	67181	74685	67621	66182	66652	66579	59765	61949	70701	70120	69131	65987	68869	66857	63643	70903	61739	59542	64851	65272	70690	61158	55966	70611	61900	58284	61734	67671	70926	63902	69578	74593	75565	76718	59071	65146	64069	59264	58281	63709	65225	66486	63722	65920	64215	67253	60372	67616	62472	64447	65579	66415	66485	68734	63710	62408	56520	71636	68700	65668	70072	64253	74439	68231	56736	66461	61351	64290	62329	65732	67586	67754	66657	63755	60575	67755	68113	71914	65625	55268	69599	59450	62269	71778	70050	68406	
57989	62654	60356	62608	53588	68716	56019	58680	54693	62001	55431	54567	61031	53399	63475	68979	61545	57994	61088	63271	57528	58607	70309	62584	60546	62451	60531	62630	62150	62871	57512	54709	59833	63196	60194	61358	52727	65945	55592	51416	59645	62618	60707	56023	68830	67264	68575	68241	54890	59032	62643	56862	54701	57208	55037	56692	59143	61972	55743	62602	54423	62579	56963	54124	55032	58146	60847	61931	57911	57815	59149	66834	63042	61856	59443	61848	69537	62381	49578	58691	57756	57825	58799	56162	59938	63801	60072	54580	59412	64848	62933	62462	55567	51846	61345	57713	56134	63113	65195	61686	
58198	57670	56491	59570	54763	68737	57495	62301	49412	60208	57611	53286	60657	55165	64412	70045	62426	57477	61897	61370	53112	60064	69210	65415	55818	59517	59376	60844	57163	65081	58957	59058	58489	58760	64418	55742	55288	63682	56025	55006	57920	64032	63066	60281	65789	66575	66270	68304	55607	55861	59841	56782	57001	61513	58340	59440	59872	61670	57448	61371	54312	59078	59987	56033	58700	61868	61055	61825	59192	57661	57930	65302	60423	57291	61134	63044	67518	61976	55305	57911	58134	58228	59291	62800	59506	61212	65433	56686	54976	67264	62870	63707	56187	51378	61645	56417	58754	62734	62456	58025	
59960	65054	61099	61670	59054	67994	60269	61272	50661	60725	60398	54003	57455	56809	62911	71427	62052	62570	66301	68116	58199	61238	66372	68765	58250	61203	66569	64330	58571	70421	63376	56816	62298	58745	68045	59975	53715	68733	59714	54006	59237	65682	62441	61407	67728	66898	67430	72875	58647	59857	60867	58181	57706	61033	59422	62905	61579	65386	59614	59757	58063	64976	59276	60367	56748	63646	63066	65290	59783	58673	60595	66636	66965	59955	64033	66547	70826	68171	57853	59599	63522	61794	59968	65012	61405	63800	63342	58126	56323	67871	67363	68076	61182	51792	62667	61196	59545	64875	69000	63854	
51618	58361	56708	58617	52744	65241	54913	59057	50079	59902	52797	52228	57351	53477	60427	64493	57012	54805	57753	64135	50935	55309	61855	61727	55473	59292	54073	57669	57260	64687	54995	55292	55195	57917	58863	56593	49933	61579	53623	47864	52620	60590	55159	53456	59153	65634	66370	66915	45166	55640	57977	51774	51423	56479	53009	51132	56412	56369	52482	60470	50056	59366	51507	53886	57609	59532	56901	59878	55126	54411	54002	61746	57798	56023	61050	60774	62512	58982	51535	53967	60925	57603	58763	59239	57117	58802	59315	56093	55912	59256	56218	59274	56226	52494	61462	52604	53930	61544	62841	59776	
55468	58061	59241	60905	54182	64184	53124	59104	51850	62341	56444	54107	61184	55418	59878	71889	58155	57718	57795	62045	52441	56353	61689	62041	63853	61704	61562	62868	57598	60515	61344	52772	61415	60411	64407	59855	51546	63341	55799	51625	58888	63062	57368	58853	68581	65888	68328	63203	52465	60485	58722	57503	54316	59240	57302	59992	57131	57205	56278	61198	51937	62062	56359	61842	53694	58203	60819	63095	52432	56972	51501	65422	65914	59990	60187	58746	63794	64458	52892	56057	56846	51704	54986	56254	57189	61304	58690	54947	58677	60813	57218	62273	55954	51873	63242	55407	58482	65516	62171	63267	
59518	64986	58091	58867	56562	63549	53813	57748	49378	56118	58560	55219	57632	51485	58837	64149	57137	57864	62928	65034	54083	58330	64319	60266	61293	57891	60783	61180	56473	62418	51491	56063	57428	55416	58847	59276	51789	65390	55126	52486	56106	63582	61184	55515	60317	63549	65121	72812	51141	55977	61281	56411	52798	57951	57098	60138	53731	61613	57896	58587	51583	62514	59431	56288	57847	62120	61278	60223	59279	56784	54950	63185	60775	58852	55871	57804	65460	60931	48710	54914	56291	57724	58729	58111	58414	63797	59715	54215	55944	60289	60451	62509	57342	52207	61017	56507	53141	62477	65898	59661	
59712	64944	64685	64899	58478	67109	65332	65316	59507	65916	63353	60007	62822	57239	64701	71872	67766	66202	67642	68975	58454	63299	72229	70203	64698	67542	65321	61828	63682	71838	60400	63923	66497	62194	66098	67812	57763	70861	60724	57684	64324	68297	64289	60238	71337	73736	68405	73038	60987	60367	65852	62900	63483	67143	65963	59942	63774	66140	65598	71799	61002	65527	63144	61292	60860	65792	63577	67561	63971	61857	61389	72461	66122	62018	66212	61540	72332	68914	57423	61892	65296	62982	60411	63297	62194	66974	70444	57669	63524	65487	62018	70779	65242	57769	70207	58903	59264	67961	70446	64935	
48194	56188	52644	55038	48336	59993	52655	53132	49893	59050	46242	45970	54809	49555	52885	63349	52097	53317	54162	59421	46684	52466	61739	58553	50688	53134	56346	51390	55809	57225	50490	51564	53738	51550	56207	51104	47859	59882	51242	49007	52242	57684	54086	51142	55708	58237	56495	64716	47524	48833	55367	50742	51739	51075	52091	51478	52535	56240	49740	55355	46634	57791	51116	53496	50679	53136	53403	55577	50903	53695	50660	59752	55080	54038	53023	55324	57705	56073	44212	50736	51156	53039	49491	49974	53529	53970	56158	50332	53038	57806	55451	56109	53337	44744	56653	51632	53635	55419	54490	55068	
58750	65457	62927	60292	59383	66223	57207	63533	49121	63772	59411	58755	60245	57486	62522	67428	62951	61326	64427	66672	57807	60976	71098	70100	67546	64695	65547	62845	61048	67269	62614	59255	57319	61017	65382	63639	57991	69486	55548	51934	56579	69314	65009	63357	65895	69888	68234	70551	57250	61032	66738	63706	59742	56249	60489	57364	60798	67405	60167	63979	56568	65096	63703	63897	59118	64510	61175	63596	58625	60084	62384	70668	64882	60141	62512	65873	69923	64254	55895	58422	63829	59709	61698	65683	64529	68615	65613	55541	57994	65606	64446	64521	58802	55011	61649	59535	57176	65677	70535	67920	
56921	64537	59203	63810	54236	64533	59875	63084	51662	59085	54203	53654	62063	52065	62350	68569	61053	58893	63383	64611	52018	56345	70408	62690	61548	62798	61314	64630	60115	65279	57547	54592	60194	59482	64114	58353	53282	64601	55261	54326	60490	66023	62980	53661	63545	65487	67480	71564	55774	56638	60070	58052	54943	62393	56335	57892	58326	59469	57651	63951	54666	63494	59026	59811	57067	60901	63789	59804	59468	60275	59341	71094	63137	62338	60606	58977	68025	62229	53868	58183	60691	57236	57828	57799	57373	60303	63384	54783	57428	63260	63556	62539	59215	54058	61840	54510	58205	64728	63294	63073	
61374	68476	66099	72101	59586	80134	64270	70067	59512	67383	58947	63497	68383	59280	70378	78485	66044	63579	72230	71854	61584	63576	75471	74387	69959	69826	65100	75119	68576	77266	67467	61269	69716	68937	70478	67633	61877	72758	59667	62647	67979	72073	69557	68812	72443	74787	79340	80759	60092	66027	71078	62909	64384	66885	62926	66588	67615	70849	65173	71654	63376	71638	63513	65792	61749	67436	66916	71749	64058	64471	67316	73691	70926	66548	69135	70975	75189	70574	61973	59535	71582	65008	67657	67121	66450	67322	70796	59512	69103	72085	68166	73103	66043	64982	68908	62381	67637	70857	70399	72184	
58354	63473	62223	66386	55907	68406	57872	64051	55434	59537	59370	59223	63280	53736	63438	71765	58011	62383	65669	66827	56294	59963	68327	63619	60968	63135	61608	64732	61963	68124	62438	60866	63632	63020	60557	61531	52880	64968	57340	54648	64172	61464	59039	60919	67370	67095	72307	70619	57337	61536	60632	60144	56824	62994	60173	60864	60274	60223	59920	64035	56747	64476	60311	63409	58364	60466	61982	63065	55032	58764	61249	70283	65866	58919	62902	60436	66707	60918	53718	56294	62739	53517	56203	62313	61742	66514	67707	55672	62012	62592	64338	65046	58697	54091	66825	58672	61711	65758	64155	63645	

Time: 0.001543; Task scope: matrix 100x100.