53360 68474 56781 64257 60814 68071 58760 67391 50498 67574 60111 53071 58114 51858 64537 63928 58087 61111 58672 66456 55262 58561 66746 61515 67072 67138 51554 61979 62180 64551 68054 51501 56111 61368 62022 51016 55405 62412 50901 52258 61458 65932 59769 55829 62152 64495 61199 73456 56383 57653 64699 60344 58410 59881 66176 60213 60979 64213 59620 55701 58421 71024 55978 56475 55494 61959 63150 63515 55148 54033 51061 67310 56910 59440 61139 61116 72648 60294 50055 56129 61452 61139 54701 60655 63695 67098 61412 63755 59412 67264 67363 59274 55954 52207 70207 51632 57176 64728 70399 63645
53360 68474 56781 64257 60814 68071 58760 67391 50498 67574 60111 53071 58114 51858 64537 63928 58087 61111 58672 66456 55262 58561 66746 61515 67072 67138 51554 61979 62180 64551 68054 51501 56111 61368 62022 51016 55405 62412 50901 52258 61458 65932 59769 55829 62152 64495 61199 73456 56383 57653 64699 60344 58410 59881 66176 60213 60979 64213 59620 55701 58421 71024 55978 56475 55494 61959 63150 63515 55148 54033 51061 67310 56910 59440 61139 61116 72648 60294 50055 56129 61452 61139 54701 60655 63695 67098 61412 63755 59412 67264 67363 59274 55954 52207 70207 51632 57176 64728 70399 63645
53360 68474 56781 64257 60814 68071 58760 67391 50498 67574 60111 53071 58114 51858 64537 63928 58087 61111 58672 66456 55262 58561 66746 61515 67072 67138 51554 61979 62180 64551 68054 51501 56111 61368 62022 51016 55405 62412 50901 52258 61458 65932 59769 55829 62152 64495 61199 73456 56383 57653 64699 60344 58410 59881 66176 60213 60979 64213 59620 55701 58421 71024 55978 56475 55494 61959 63150 63515 55148 54033 51061 67310 56910 59440 61139 61116 72648 60294 50055 56129 61452 61139 54701 60655 63695 67098 61412 63755 59412 67264 67363 59274 55954 52207 70207 51632 57176 64728 70399 63645
53360 68474 56781 64257 60814 68071 58760 67391 50498 67574 60111 53071 58114 51858 64537 63928 58087 61111 58672 66456 55262 58561 66746 61515 67072 67138 51554 61979 62180 64551 68054 51501 56111 61368 62022 51016 55405 62412 50901 52258 61458 65932 59769 55829 62152 64495 61199 73456 56383 57653 64699 60344 58410 59881 66176 60213 60979 64213 59620 55701 58421 71024 55978 56475 55494 61959 63150 63515 55148 54033 51061 67310 56910 59440 61139 61116 72648 60294 50055 56129 61452 61139 54701 60655 63695 67098 61412 63755 59412 67264 67363 59274 55954 52207 70207 51632 57176 64728 70399 63645
53360 68474 56781 64257 60814 68071 58760 67391 50498 67574 60111 53071 58114 51858 64537 63928 58087 61111 58672 66456 55262 58561 66746 61515 67072 67138 51554 61979 62180 64551 68054 51501 56111 61368 62022 51016 55405 62412 50901 52258 61458 65932 59769 55829 62152 64495 61199 73456 56383 57653 64699 60344 58410 59881 66176 60213 60979 64213 59620 55701 58421 71024 55978 56475 55494 61959 63150 63515 55148 54033 51061 67310 56910 59440 61139 61116 72648 60294 50055 56129 61452 61139 54701 60655 63695 67098 61412 63755 59412 67264 67363 59274 55954 52207 70207 51632 57176 64728 70399 63645
53360 68474 56781 64257 60814 68071 58760 67391 50498 67574 60111 53071 58114 51858 64537 63928 58087 61111 58672 66456 55262 58561 66746 61515 67072 67138 51554 61979 62180 64551 68054 51501 56111 61368 62022 51016 55405 62412 50901 52258 61458 65932 59769 55829 62152 64495 61199 73456 56383 57653 64699 60344 58410 59881 66176 60213 60979 64213 59620 55701 58421 71024 55978 56475 55494 61959 63150 63515 55148 54033 51061 67310 56910 59440 61139 61116 72648 60294 50055 56129 61452 61139 54701 60655 63695 67098 61412 63755 59412 67264 67363 59274 55954 52207 70207 51632 57176 64728 70399 63645
53360 68474 56781 64257 60814 68071 58760 67391 50498 67574 60111 53071 58114 51858 64537 63928 58087 61111 58672 66456 55262 58561 66746 61515 67072 67138 51554 61979 62180 64551 68054 51501 56111 61368 62022 51016 55405 62412 50901 52258 61458 65932 59769 55829 62152 64495 61199 73456 56383 57653 64699 60344 58410 59881 66176 60213 60979 64213 59620 55701 58421 71024 55978 56475 55494 61959 63150 63515 55148 54033 51061 67310 56910 59440 61139 61116 72648 60294 50055 56129 61452 61139 54701 60655 63695 67098 61412 63755 59412 67264 67363 59274 55954 52207 70207 51632 57176 64728 70399 63645
53360 68474 56781 64257 60814 68071 58760 67391 50498 67574 60111 53071 58114 51858 64537 63928 58087 61111 58672 66456 55262 58561 66746 61515 67072 67138 51554 61979 62180 64551 68054 51501 56111 61368 62022 51016 55405 62412 50901 52258 61458 65932 59769 55829 62152 64495 61199 73456 56383 57653 64699 60344 58410 59881 66176 60213 60979 64213 59620 55701 58421 71024 55978 56475 55494 61959 63150 63515 55148 54033 51061 67310 56910 59440 61139 61116 72648 60294 50055 56129 61452 61139 54701 60655 63695 67098 61412 63755 59412 67264 67363 59274 55954 52207 70207 51632 57176 64728 70399 63645
53360 68474 56781 64257 60814 68071 58760 67391 50498 67574 60111 53071 58114 51858 64537 63928 58087 61111 58672 66456 55262 58561 66746 61515 67072 67138 51554 61979 62180 64551 68054 51501 56111 61368 62022 51016 55405 62412 50901 52258 61458 65932 59769 55829 62152 64495 61199 73456 56383 57653 64699 60344 58410 59881 66176 60213 60979 64213 59620 55701 58421 71024 55978 56475 55494 61959 63150 63515 55148 54033 51061 67310 56910 59440 61139 61116 72648 60294 50055 56129 61452 61139 54701 60655 63695 67098 61412 63755 59412 67264 67363 59274 55954 52207 70207 51632 57176 64728 70399 63645
53360 68474 56781 64257 60814 68071 58760 67391 50498 67574 60111 53071 58114 51858 64537 63928 58087 61111 58672 66456 55262 58561 66746 61515 67072 67138 51554 61979 62180 64551 68054 51501 56111 61368 62022 51016 55405 62412 50901 52258 61458 65932 59769 55829 62152 64495 61199 73456 56383 57653 64699 60344 58410 59881 66176 60213 60979 64213 59620 55701 58421 71024 55978 56475 55494 61959 63150 63515 55148 54033 51061 67310 56910 59440 61139 61116 72648 60294 50055 56129 61452 61139 54701 60655 63695 67098 61412 63755 59412 67264 67363 59274 55954 52207 70207 51632 57176 64728 70399 63645
53360 68474 56781 64257 60814 68071 58760 67391 50498 67574 60111 53071 58114 51858 64537 63928 58087 61111 58672 66456 55262 58561 66746 61515 67072 67138 51554 61979 62180 64551 68054 51501 56111 61368 62022 51016 55405 62412 50901 52258 61458 65932 59769 55829 62152 64495 61199 73456 56383 57653 64699 60344 58410 59881 66176 60213 60979 64213 59620 55701 58421 71024 55978 56475 55494 61959 63150 63515 55148 54033 51061 67310 56910 59440 61139 61116 72648 60294 50055 56129 61452 61139 54701 60655 63695 67098 61412 63755 59412 67264 67363 59274 55954 52207 70207 51632 57176 64728 70399 63645
53360 68474 56781 64257 60814 68071 58760 67391 50498 67574 60111 53071 58114 51858 64537 63928 58087 61111 58672 66456 55262 58561 66746 61515 67072 67138 51554 61979 62180 64551 68054 51501 56111 61368 62022 51016 55405 62412 50901 52258 61458 65932 59769 55829 62152 64495 61199 73456 56383 57653 64699 60344 58410 59881 66176 60213 60979 64213 59620 55701 58421 71024 55978 56475 55494 61959 63150 63515 55148 54033 51061 67310 56910 59440 61139 61116 72648 60294 50055 56129 61452 61139 54701 60655 63695 67098 61412 63755 59412 67264 67363 59274 55954 52207 70207 51632 57176 64728 70399 63645
53360 68474 56781 64257 60814 68071 58760 67391 50498 67574 60111 53071 58114 51858 64537 63928 58087 61111 58672 66456 55262 58561 66746 61515 67072 67138 51554 61979 62180 64551 68054 51501 56111 61368 62022 51016 55405 62412 50901 52258 61458 65932 59769 55829 62152 64495 61199 73456 56383 57653 64699 60344 58410 59881 66176 60213 60979 64213 59620 55701 58421 71024 55978 56475 55494 61959 63150 63515 55148 54033 51061 67310 56910 59440 61139 61116 72648 60294 50055 56129 61452 61139 54701 60655 63695 67098 61412 63755 59412 67264 67363 59274 55954 52207 70207 51632 57176 64728 70399 63645
53360 68474 56781 64257 60814 68071 58760 67391 50498 67574 60111 53071 58114 51858 64537 63928 58087 61111 58672 66456 55262 58561 66746 61515 67072 67138 51554 61979 62180 64551 68054 51501 56111 61368 62022 51016 55405 62412 50901 52258 61458 65932 59769 55829 62152 64495 61199 73456 56383 57653 64699 60344 58410 59881 66176 60213 60979 64213 59620 55701 58421 71024 55978 56475 55494 61959 63150 63515 55148 54033 51061 67310 56910 59440 61139 61116 72648 60294 50055 56129 61452 61139 54701 60655 63695 67098 61412 63755 59412 67264 67363 59274 55954 52207 70207 51632 57176 64728 70399 63645
53360 68474 56781 64257 60814 68071 58760 67391 50498 67574 60111 53071 58114 51858 64537 63928 58087 61111 58672 66456 55262 58561 66746 61515 67072 67138 51554 61979 62180 64551 68054 51501 56111 61368 62022 51016 55405 62412 50901 52258 61458 65932 59769 55829 62152 64495 61199 73456 56383 57653 64699 60344 58410 59881 66176 60213 60979 64213 59620 55701 58421 71024 55978 56475 55494 61959 63150 63515 55148 54033 51061 67310 56910 59440 61139 61116 72648 60294 50055 56129 61452 61139 54701 60655 63695 67098 61412 63755 59412 67264 67363 59274 55954 52207 70207 51632 57176 64728 70399 63645
53360 68474 56781 64257 60814 68071 58760 67391 50498 67574 60111 53071 58114 51858 64537 63928 58087 61111 58672 66456 55262 58561 66746 61515 67072 67138 51554 61979 62180 64551 68054 51501 56111 61368 62022 51016 55405 62412 50901 52258 61458 65932 59769 55829 62152 64495 61199 73456 56383 57653 64699 60344 58410 59881 66176 60213 60979 64213 59620 55701 58421 71024 55978 56475 55494 61959 63150 63515 55148 54033 51061 67310 56910 59440 61139 61116 72648 60294 50055 56129 61452 61139 54701 60655 63695 67098 61412 63755 59412 67264 67363 59274 55954 52207 70207 51632 57176 64728 70399 63645
53360 68474 56781 64257 60814 68071 58760 67391 50498 67574 60111 53071 58114 51858 64537 63928 58087 61111 58672 66456 55262 58561 66746 61515 67072 67138 51554 61979 62180 64551 68054 51501 56111 61368 62022 51016 55405 62412 50901 52258 61458 65932 59769 55829 62152 64495 61199 73456 56383 57653 64699 60344 58410 59881 66176 60213 60979 64213 59620 55701 58421 71024 55978 56475 55494 61959 63150 63515 55148 54033 51061 67310 56910 59440 61139 61116 72648 60294 50055 56129 61452 61139 54701 60655 63695 67098 61412 63755 59412 67264 67363 59274 55954 52207 70207 51632 57176 64728 70399 63645
53360 68474 56781 64257 60814 68071 58760 67391 50498 67574 60111 53071 58114 51858 64537 63928 58087 61111 58672 66456 55262 58561 66746 61515 67072 67138 51554 61979 62180 64551 68054 51501 56111 61368 62022 51016 55405 62412 50901 52258 61458 65932 59769 55829 62152 64495 61199 73456 56383 57653 64699 60344 58410 59881 66176 60213 60979 64213 59620 55701 58421 71024 55978 56475 55494 61959 63150 63515 55148 54033 51061 67310 56910 59440 61139 61116 72648 60294 50055 56129 61452 61139 54701 60655 63695 67098 61412 63755 59412 67264 67363 59274 55954 52207 70207 51632 57176 64728 70399 63645
53360 68474 56781 64257 60814 68071 58760 67391 50498 67574 60111 53071 58114 51858 64537 63928 58087 61111 58672 66456 55262 58561 66746 61515 67072 67138 51554 61979 62180 64551 68054 51501 56111 61368 62022 51016 55405 62412 50901 52258 61458 65932 59769 55829 62152 64495 61199 73456 56383 57653 64699 60344 58410 59881 66176 60213 60979 64213 59620 55701 58421 71024 55978 56475 55494 61959 63150 63515 55148 54033 51061 67310 56910 59440 61139 61116 72648 60294 50055 56129 61452 61139 54701 60655 63695 67098 61412 63755 59412 67264 67363 59274 55954 52207 70207 51632 57176 64728 70399 63645
53360 68474 56781 64257 60814 68071 58760 67391 50498 67574 60111 53071 58114 51858 64537 63928 58087 61111 58672 66456 55262 58561 66746 61515 67072 67138 51554 61979 62180 64551 68054 51501 56111 61368 62022 51016 55405 62412 50901 52258 61458 65932 59769 55829 62152 64495 61199 73456 56383 57653 64699 60344 58410 59881 66176 60213 60979 64213 59620 55701 58421 71024 55978 56475 55494 61959 63150 63515 55148 54033 51061 67310 56910 59440 61139 61116 72648 60294 50055 56129 61452 61139 54701 60655 63695 67098 61412 63755 59412 67264 67363 59274 55954 52207 70207 51632 57176 64728 70399 63645
53360 68474 56781 64257 60814 68071 58760 67391 50498 67574 60111 53071 58114 51858 64537 63928 58087 61111 58672 66456 55262 58561 66746 61515 67072 67138 51554 61979 62180 64551 68054 51501 56111 61368 62022 51016 55405 62412 50901 52258 61458 65932 59769 55829 62152 64495 61199 73456 56383 57653 64699 60344 58410 59881 66176 60213 60979 64213 59620 55701 58421 71024 55978 56475 55494 61959 63150 63515 55148 54033 51061 67310 56910 59440 61139 61116 72648 60294 50055 56129 61452 61139 54701 60655 63695 67098 61412 63755 59412 67264 67363 59274 55954 52207 70207 51632 57176 64728 70399 63645
53360 68474 56781 64257 60814 68071 58760 67391 50498 67574 60111 53071 58114 51858 64537 63928 58087 61111 58672 66456 55262 58561 66746 61515 67072 67138 51554 61979 62180 64551 68054 51501 56111 61368 62022 51016 55405 62412 50901 52258 61458 65932 59769 55829 62152 64495 61199 73456 56383 57653 64699 60344 58410 59881 66176 60213 60979 64213 59620 55701 58421 71024 55978 56475 55494 61959 63150 63515 55148 54033 51061 67310 56910 59440 61139 61116 72648 60294 50055 56129 61452 61139 54701 60655 63695 67098 61412 63755 59412 67264 67363 59274 55954 52207 70207 51632 57176 64728 70399 63645
53360 68474 56781 64257 60814 68071 58760 67391 50498 67574 60111 53071 58114 51858 64537 63928 58087 61111 58672 66456 55262 58561 66746 61515 67072 67138 51554 61979 62180 64551 68054 51501 56111 61368 62022 51016 55405 62412 50901 52258 61458 65932 59769 55829 62152 64495 61199 73456 56383 57653 64699 60344 58410 59881 66176 60213 60979 64213 59620 55701 58421 71024 55978 56475 55494 61959 63150 63515 55148 54033 51061 67310 56910 59440 61139 61116 72648 60294 50055 56129 61452 61139 54701 60655 63695 67098 61412 63755 59412 67264 67363 59274 55954 52207 70207 51632 57176 64728 70399 63645
53360 68474 56781 64257 60814 68071 58760 67391 50498 67574 60111 53071 58114 51858 64537 63928 58087 61111 58672 66456 55262 58561 66746 61515 67072 67138 51554 61979 62180 64551 68054 51501 56111 61368 62022 51016 55405 62412 50901 52258 61458 65932 59769 55829 62152 64495 61199 73456 56383 57653 64699 60344 58410 59881 66176 60213 60979 64213 59620 55701 58421 71024 55978 56475 55494 61959 63150 63515 55148 54033 51061 67310 56910 59440 61139 61116 72648 60294 50055 56129 61452 61139 54701 60655 63695 67098 61412 63755 59412 67264 67363 59274 55954 52207 70207 51632 57176 64728 70399 63645
53360 68474 56781 64257 60814 68071 58760 67391 50498 67574 60111 53071 58114 51858 64537 63928 58087 61111 58672 66456 55262 58561 66746 61515 67072 67138 51554 61979 62180 64551 68054 51501 56111 61368 62022 51016 55405 62412 50901 52258 61458 65932 59769 55829 62152 64495 61199 73456 56383 57653 64699 60344 58410 59881 66176 60213 60979 64213 59620 55701 58421 71024 55978 56475 55494 61959 63150 63515 55148 54033 51061 67310 56910 59440 61139 61116 72648 60294 50055 56129 61452 61139 54701 60655 63695 67098 61412 63755 59412 67264 67363 59274 55954 52207 70207 51632 57176 64728 70399 63645
53360 68474 56781 64257 60814 68071 58760 67391 50498 67574 60111 53071 58114 51858 64537 63928 58087 61111 58672 66456 55262 58561 66746 61515 67072 67138 51554 61979 62180 64551 68054 51501 56111 61368 62022 51016 55405 62412 50901 52258 61458 65932 59769 55829 62152 64495 61199 73456 56383 57653 64699 60344 58410 59881 66176 60213 60979 64213 59620 55701 58421 71024 55978 56475 55494 61959 63150 63515 55148 54033 51061 67310 56910 59440 61139 61116 72648 60294 50055 56129 61452 61139 54701 60655 63695 67098 61412 63755 59412 67264 67363 59274 55954 52207 70207 51632 57176 64728 70399 63645
53360 68474 56781 64257 60814 68071 58760 67391 50498 67574 60111 53071 58114 51858 64537 63928 58087 61111 58672 66456 55262 58561 66746 61515 67072 67138 51554 61979 62180 64551 68054 51501 56111 61368 62022 51016 55405 62412 50901 52258 61458 65932 59769 55829 62152 64495 61199 73456 56383 57653 64699 60344 58410 59881 66176 60213 60979 64213 59620 55701 58421 71024 55978 56475 55494 61959 63150 63515 55148 54033 51061 67310 56910 59440 61139 61116 72648 60294 50055 56129 61452 61139 54701 60655 63695 67098 61412 63755 59412 67264 67363 59274 55954 52207 70207 51632 57176 64728 70399 63645
53360 68474 56781 64257 60814 68071 58760 67391 50498 67574 60111 53071 58114 51858 64537 63928 58087 61111 58672 66456 55262 58561 66746 61515 67072 67138 51554 61979 62180 64551 68054 51501 56111 61368 62022 51016 55405 62412 50901 52258 61458 65932 59769 55829 62152 64495 61199 73456 56383 57653 64699 60344 58410 59881 66176 60213 60979 64213 59620 55701 58421 71024 55978 56475 55494 61959 63150 63515 55148 54033 51061 67310 56910 59440 61139 61116 72648 60294 50055 56129 61452 61139 54701 60655 63695 67098 61412 63755 59412 67264 67363 59274 55954 52207 70207 51632 57176 64728 70399 63645
53360 68474 56781 64257 60814 68071 58760 67391 50498 67574 60111 53071 58114 51858 64537 63928 58087 61111 58672 66456 55262 58561 66746 61515 67072 67138 51554 61979 62180 64551 68054 51501 56111 61368 62022 51016 55405 62412 50901 52258 61458 65932 59769 55829 62152 64495 61199 73456 56383 57653 64699 60344 58410 59881 66176 60213 60979 64213 59620 55701 58421 71024 55978 56475 55494 61959 63150 63515 55148 54033 51061 67310 56910 59440 61139 61116 72648 60294 50055 56129 61452 61139 54701 60655 63695 67098 61412 63755 59412 67264 67363 59274 55954 52207 70207 51632 57176 64728 70399 63645
53360 68474 56781 64257 60814 68071 58760 67391 50498 67574 60111 53071 58114 51858 64537 63928 58087 61111 58672 66456 55262 58561 66746 61515 67072 67138 51554 61979 62180 64551 68054 51501 56111 61368 62022 51016 55405 62412 50901 52258 61458 65932 59769 55829 62152 64495 61199 73456 56383 57653 64699 60344 58410 59881 66176 60213 60979 64213 59620 55701 58421 71024 55978 56475 55494 61959 63150 63515 55148 54033 51061 67310 56910 59440 61139 61116 72648 60294 50055 56129 61452 61139 54701 60655 63695 67098 61412 63755 59412 67264 67363 59274 55954 52207 70207 51632 57176 64728 70399 63645
53360 68474 56781 64257 60814 68071 58760 67391 50498 67574 60111 53071 58114 51858 64537 63928 58087 61111 58672 66456 55262 58561 66746 61515 67072 67138 51554 61979 62180 64551 68054 51501 56111 61368 62022 51016 55405 62412 50901 52258 61458 65932 59769 55829 62152 64495 61199 73456 56383 57653 64699 60344 58410 59881 66176 60213 60979 64213 59620 55701 58421 71024 55978 56475 55494 61959 63150 63515 55148 54033 51061 67310 56910 59440 61139 61116 72648 60294 50055 56129 61452 61139 54701 60655 63695 67098 61412 63755 59412 67264 67363 59274 55954 52207 70207 51632 57176 64728 70399 63645
53360 68474 56781 64257 60814 68071 58760 67391 50498 67574 60111 53071 58114 51858 64537 63928 58087 61111 58672 66456 55262 58561 66746 61515 67072 67138 51554 61979 62180 64551 68054 51501 56111 61368 62022 51016 55405 62412 50901 52258 61458 65932 59769 55829 62152 64495 61199 73456 56383 57653 64699 60344 58410 59881 66176 60213 60979 64213 59620 55701 58421 71024 55978 56475 55494 61959 63150 63515 55148 54033 51061 67310 56910 59440 61139 61116 72648 60294 50055 56129 61452 61139 54701 60655 63695 67098 61412 63755 59412 67264 67363 59274 55954 52207 70207 51632 57176 64728 70399 63645
53360 68474 56781 64257 60814 68071 58760 67391 50498 67574 60111 53071 58114 51858 64537 63928 58087 61111 58672 66456 55262 58561 66746 61515 67072 67138 51554 61979 62180 64551 68054 51501 56111 61368 62022 51016 55405 62412 50901 52258 61458 65932 59769 55829 62152 64495 61199 73456 56383 57653 64699 60344 58410 59881 66176 60213 60979 64213 59620 55701 58421 71024 55978 56475 55494 61959 63150 63515 55148 54033 51061 67310 56910 59440 61139 61116 72648 60294 50055 56129 61452 61139 54701 60655 63695 67098 61412 63755 59412 67264 67363 59274 55954 52207 70207 51632 57176 64728 70399 63645
53360 68474 56781 64257 60814 68071 58760 67391 50498 67574 60111 53071 58114 51858 64537 63928 58087 61111 58672 66456 55262 58561 66746 61515 67072 67138 51554 61979 62180 64551 68054 51501 56111 61368 62022 51016 55405 62412 50901 52258 61458 65932 59769 55829 62152 64495 61199 73456 56383 57653 64699 60344 58410 59881 66176 60213 60979 64213 59620 55701 58421 71024 55978 56475 55494 61959 63150 63515 55148 54033 51061 67310 56910 59440 61139 61116 72648 60294 50055 56129 61452 61139 54701 60655 63695 67098 61412 63755 59412 67264 67363 59274 55954 52207 70207 51632 57176 64728 70399 63645
53360 68474 56781 64257 60814 68071 58760 67391 50498 67574 60111 53071 58114 51858 64537 63928 58087 61111 58672 66456 55262 58561 66746 61515 67072 67138 51554 61979 62180 64551 68054 51501 56111 61368 62022 51016 55405 62412 50901 52258 61458 65932 59769 55829 62152 64495 61199 73456 56383 57653 64699 60344 58410 59881 66176 60213 60979 64213 59620 55701 58421 71024 55978 56475 55494 61959 63150 63515 55148 54033 51061 67310 56910 59440 61139 61116 72648 60294 50055 56129 61452 61139 54701 60655 63695 67098 61412 63755 59412 67264 67363 59274 55954 52207 70207 51632 57176 64728 70399 63645
53360 68474 56781 64257 60814 68071 58760 67391 50498 67574 60111 53071 58114 51858 64537 63928 58087 61111 58672 66456 55262 58561 66746 61515 67072 67138 51554 61979 62180 64551 68054 51501 56111 61368 62022 51016 55405 62412 50901 52258 61458 65932 59769 55829 62152 64495 61199 73456 56383 57653 64699 60344 58410 59881 66176 60213 60979 64213 59620 55701 58421 71024 55978 56475 55494 61959 63150 63515 55148 54033 51061 67310 56910 59440 61139 61116 72648 60294 50055 56129 61452 61139 54701 60655 63695 67098 61412 63755 59412 67264 67363 59274 55954 52207 70207 51632 57176 64728 70399 63645
53360 68474 56781 64257 60814 68071 58760 67391 50498 67574 60111 53071 58114 51858 64537 63928 58087 61111 58672 66456 55262 58561 66746 61515 67072 67138 51554 61979 62180 64551 68054 51501 56111 61368 62022 51016 55405 62412 50901 52258 61458 65932 59769 55829 62152 64495 61199 73456 56383 57653 64699 60344 58410 59881 66176 60213 60979 64213 59620 55701 58421 71024 55978 56475 55494 61959 63150 63515 55148 54033 51061 67310 56910 59440 61139 61116 72648 60294 50055 56129 61452 61139 54701 60655 63695 67098 61412 63755 59412 67264 67363 59274 55954 52207 70207 51632 57176 64728 70399 63645
53360 68474 56781 64257 60814 68071 58760 67391 50498 67574 60111 53071 58114 51858 64537 63928 58087 61111 58672 66456 55262 58561 66746 61515 67072 67138 51554 61979 62180 64551 68054 51501 56111 61368 62022 51016 55405 62412 50901 52258 61458 65932 59769 55829 62152 64495 61199 73456 56383 57653 64699 60344 58410 59881 66176 60213 60979 64213 59620 55701 58421 71024 55978 56475 55494 61959 63150 63515 55148 54033 51061 67310 56910 59440 61139 61116 72648 60294 50055 56129 61452 61139 54701 60655 63695 67098 61412 63755 59412 67264 67363 59274 55954 52207 70207 51632 57176 64728 70399 63645
53360 68474 56781 64257 60814 68071 58760 67391 50498 67574 60111 53071 58114 51858 64537 63928 58087 61111 58672 66456 55262 58561 66746 61515 67072 67138 51554 61979 62180 64551 68054 51501 56111 61368 62022 51016 55405 62412 50901 52258 61458 65932 59769 55829 62152 64495 61199 73456 56383 57653 64699 60344 58410 59881 66176 60213 60979 64213 59620 55701 58421 71024 55978 56475 55494 61959 63150 63515 55148 54033 51061 67310 56910 59440 61139 61116 72648 60294 50055 56129 61452 61139 54701 60655 63695 67098 61412 63755 59412 67264 67363 59274 55954 52207 70207 51632 57176 64728 70399 63645
53360 68474 56781 64257 60814 68071 58760 67391 50498 67574 60111 53071 58114 51858 64537 63928 58087 61111 58672 66456 55262 58561 66746 61515 67072 67138 51554 61979 62180 64551 68054 51501 56111 61368 62022 51016 55405 62412 50901 52258 61458 65932 59769 55829 62152 64495 61199 73456 56383 57653 64699 60344 58410 59881 66176 60213 60979 64213 59620 55701 58421 71024 55978 56475 55494 61959 63150 63515 55148 54033 51061 67310 56910 59440 61139 61116 72648 60294 50055 56129 61452 61139 54701 60655 63695 67098 61412 63755 59412 67264 67363 59274 55954 52207 70207 51632 57176 64728 70399 63645
53360 68474 56781 64257 60814 68071 58760 67391 50498 67574 60111 53071 58114 51858 64537 63928 58087 61111 58672 66456 55262 58561 66746 61515 67072 67138 51554 61979 62180 64551 68054 51501 56111 61368 62022 51016 55405 62412 50901 52258 61458 65932 59769 55829 62152 64495 61199 73456 56383 57653 64699 60344 58410 59881 66176 60213 60979 64213 59620 55701 58421 71024 55978 56475 55494 61959 63150 63515 55148 54033 51061 67310 56910 59440 61139 61116 72648 60294 50055 56129 61452 61139 54701 60655 63695 67098 61412 63755 59412 67264 67363 59274 55954 52207 70207 51632 57176 64728 70399 63645
53360 68474 56781 64257 60814 68071 58760 67391 50498 67574 60111 53071 58114 51858 64537 63928 58087 61111 58672 66456 55262 58561 66746 61515 67072 67138 51554 61979 62180 64551 68054 51501 56111 61368 62022 51016 55405 62412 50901 52258 61458 65932 59769 55829 62152 64495 61199 73456 56383 57653 64699 60344 58410 59881 66176 60213 60979 64213 59620 55701 58421 71024 55978 56475 55494 61959 63150 63515 55148 54033 51061 67310 56910 59440 61139 61116 72648 60294 50055 56129 61452 61139 54701 60655 63695 67098 61412 63755 59412 67264 67363 59274 55954 52207 70207 51632 57176 64728 70399 63645
53360 68474 56781 64257 60814 68071 58760 67391 50498 67574 60111 53071 58114 51858 64537 63928 58087 61111 58672 66456 55262 58561 66746 61515 67072 67138 51554 61979 62180 64551 68054 51501 56111 61368 62022 51016 55405 62412 50901 52258 61458 65932 59769 55829 62152 64495 61199 73456 56383 57653 64699 60344 58410 59881 66176 60213 60979 64213 59620 55701 58421 71024 55978 56475 55494 61959 63150 63515 55148 54033 51061 67310 56910 59440 61139 61116 72648 60294 50055 56129 61452 61139 54701 60655 63695 67098 61412 63755 59412 67264 67363 59274 55954 52207 70207 51632 57176 64728 70399 63645
53360 68474 56781 64257 60814 68071 58760 67391 50498 67574 60111 53071 58114 51858 64537 63928 58087 61111 58672 66456 55262 58561 66746 61515 67072 67138 51554 61979 62180 64551 68054 51501 56111 61368 62022 51016 55405 62412 50901 52258 61458 65932 59769 55829 62152 64495 61199 73456 56383 57653 64699 60344 58410 59881 66176 60213 60979 64213 59620 55701 58421 71024 55978 56475 55494 61959 63150 63515 55148 54033 51061 67310 56910 59440 61139 61116 72648 60294 50055 56129 61452 61139 54701 60655 63695 67098 61412 63755 59412 67264 67363 59274 55954 52207 70207 51632 57176 64728 70399 63645
53360 68474 56781 64257 60814 68071 58760 67391 50498 67574 60111 53071 58114 51858 64537 63928 58087 61111 58672 66456 55262 58561 66746 61515 67072 67138 51554 61979 62180 64551 68054 51501 56111 61368 62022 51016 55405 62412 50901 52258 61458 65932 59769 55829 62152 64495 61199 73456 56383 57653 64699 60344 58410 59881 66176 60213 60979 64213 59620 55701 58421 71024 55978 56475 55494 61959 63150 63515 55148 54033 51061 67310 56910 59440 61139 61116 72648 60294 50055 56129 61452 61139 54701 60655 63695 67098 61412 63755 59412 67264 67363 59274 55954 52207 70207 51632 57176 64728 70399 63645
53360 68474 56781 64257 60814 68071 58760 67391 50498 67574 60111 53071 58114 51858 64537 63928 58087 61111 58672 66456 55262 58561 66746 61515 67072 67138 51554 61979 62180 64551 68054 51501 56111 61368 62022 51016 55405 62412 50901 52258 61458 65932 59769 55829 62152 64495 61199 73456 56383 57653 64699 60344 58410 59881 66176 60213 60979 64213 59620 55701 58421 71024 55978 56475 55494 61959 63150 63515 55148 54033 51061 67310 56910 59440 61139 61116 72648 60294 50055 56129 61452 61139 54701 60655 63695 67098 61412 63755 59412 67264 67363 59274 55954 52207 70207 51632 57176 64728 70399 63645
53360 68474 56781 64257 60814 68071 58760 67391 50498 67574 60111 53071 58114 51858 64537 63928 58087 61111 58672 66456 55262 58561 66746 61515 67072 67138 51554 61979 62180 64551 68054 51501 56111 61368 62022 51016 55405 62412 50901 52258 61458 65932 59769 55829 62152 64495 61199 73456 56383 57653 64699 60344 58410 59881 66176 60213 60979 64213 59620 55701 58421 71024 55978 56475 55494 61959 63150 63515 55148 54033 51061 67310 56910 59440 61139 61116 72648 60294 50055 56129 61452 61139 54701 60655 63695 67098 61412 63755 59412 67264 67363 59274 55954 52207 70207 51632 57176 64728 70399 63645
53360 68474 56781 64257 60814 68071 58760 67391 50498 67574 60111 53071 58114 51858 64537 63928 58087 61111 58672 66456 55262 58561 66746 61515 67072 67138 51554 61979 62180 64551 68054 51501 56111 61368 62022 51016 55405 62412 50901 52258 61458 65932 59769 55829 62152 64495 61199 73456 56383 57653 64699 60344 58410 59881 66176 60213 60979 64213 59620 55701 58421 71024 55978 56475 55494 61959 63150 63515 55148 54033 51061 67310 56910 59440 61139 61116 72648 60294 50055 56129 61452 61139 54701 60655 63695 67098 61412 63755 59412 67264 67363 59274 55954 52207 70207 51632 57176 64728 70399 63645
53360 68474 56781 64257 60814 68071 58760 67391 50498 67574 60111 53071 58114 51858 64537 63928 58087 61111 58672 66456 55262 58561 66746 61515 67072 67138 51554 61979 62180 64551 68054 51501 56111 61368 62022 51016 55405 62412 50901 52258 61458 65932 59769 55829 62152 64495 61199 73456 56383 57653 64699 60344 58410 59881 66176 60213 60979 64213 59620 55701 58421 71024 55978 56475 55494 61959 63150 63515 55148 54033 51061 67310 56910 59440 61139 61116 72648 60294 50055 56129 61452 61139 54701 60655 63695 67098 61412 63755 59412 67264 67363 59274 55954 52207 70207 51632 57176 64728 70399 63645
53360 68474 56781 64257 60814 68071 58760 67391 50498 67574 60111 53071 58114 51858 64537 63928 58087 61111 58672 66456 55262 58561 66746 61515 67072 67138 51554 61979 62180 64551 68054 51501 56111 61368 62022 51016 55405 62412 50901 52258 61458 65932 59769 55829 62152 64495 61199 73456 56383 57653 64699 60344 58410 59881 66176 60213 60979 64213 59620 55701 58421 71024 55978 56475 55494 61959 63150 63515 55148 54033 51061 67310 56910 59440 61139 61116 72648 60294 50055 56129 61452 61139 54701 60655 63695 67098 61412 63755 59412 67264 67363 59274 55954 52207 70207 51632 57176 64728 70399 63645
53360 68474 56781 64257 60814 68071 58760 67391 50498 67574 60111 53071 58114 51858 64537 63928 58087 61111 58672 66456 55262 58561 66746 61515 67072 67138 51554 61979 62180 64551 68054 51501 56111 61368 62022 51016 55405 62412 50901 52258 61458 65932 59769 55829 62152 64495 61199 73456 56383 57653 64699 60344 58410 59881 66176 60213 60979 64213 59620 55701 58421 71024 55978 56475 55494 61959 63150 63515 55148 54033 51061 67310 56910 59440 61139 61116 72648 60294 50055 56129 61452 61139 54701 60655 63695 67098 61412 63755 59412 67264 67363 59274 55954 52207 70207 51632 57176 64728 70399 63645
53360 68474 56781 64257 60814 68071 58760 67391 50498 67574 60111 53071 58114 51858 64537 63928 58087 61111 58672 66456 55262 58561 66746 61515 67072 67138 51554 61979 62180 64551 68054 51501 56111 61368 62022 51016 55405 62412 50901 52258 61458 65932 59769 55829 62152 64495 61199 73456 56383 57653 64699 60344 58410 59881 66176 60213 60979 64213 59620 55701 58421 71024 55978 56475 55494 61959 63150 63515 55148 54033 51061 67310 56910 59440 61139 61116 72648 60294 50055 56129 61452 61139 54701 60655 63695 67098 61412 63755 59412 67264 67363 59274 55954 52207 70207 51632 57176 64728 70399 63645
53360 68474 56781 64257 60814 68071 58760 67391 50498 67574 60111 53071 58114 51858 64537 63928 58087 61111 58672 66456 55262 58561 66746 61515 67072 67138 51554 61979 62180 64551 68054 51501 56111 61368 62022 51016 55405 62412 50901 52258 61458 65932 59769 55829 62152 64495 61199 73456 56383 57653 64699 60344 58410 59881 66176 60213 60979 64213 59620 55701 58421 71024 55978 56475 55494 61959 63150 63515 55148 54033 51061 67310 56910 59440 61139 61116 72648 60294 50055 56129 61452 61139 54701 60655 63695 67098 61412 63755 59412 67264 67363 59274 55954 52207 70207 51632 57176 64728 70399 63645
53360 68474 56781 64257 60814 68071 58760 67391 50498 67574 60111 53071 58114 51858 64537 63928 58087 61111 58672 66456 55262 58561 66746 61515 67072 67138 51554 61979 62180 64551 68054 51501 56111 61368 62022 51016 55405 62412 50901 52258 61458 65932 59769 55829 62152 64495 61199 73456 56383 57653 64699 60344 58410 59881 66176 60213 60979 64213 59620 55701 58421 71024 55978 56475 55494 61959 63150 63515 55148 54033 51061 67310 56910 59440 61139 61116 72648 60294 50055 56129 61452 61139 54701 60655 63695 67098 61412 63755 59412 67264 67363 59274 55954 52207 70207 51632 57176 64728 70399 63645
53360 68474 56781 64257 60814 68071 58760 67391 50498 67574 60111 53071 58114 51858 64537 63928 58087 61111 58672 66456 55262 58561 66746 61515 67072 67138 51554 61979 62180 64551 68054 51501 56111 61368 62022 51016 55405 62412 50901 52258 61458 65932 59769 55829 62152 64495 61199 73456 56383 57653 64699 60344 58410 59881 66176 60213 60979 64213 59620 55701 58421 71024 55978 56475 55494 61959 63150 63515 55148 54033 51061 67310 56910 59440 61139 61116 72648 60294 50055 56129 61452 61139 54701 60655 63695 67098 61412 63755 59412 67264 67363 59274 55954 52207 70207 51632 57176 64728 70399 63645
53360 68474 56781 64257 60814 68071 58760 67391 50498 67574 60111 53071 58114 51858 64537 63928 58087 61111 58672 66456 55262 58561 66746 61515 67072 67138 51554 61979 62180 64551 68054 51501 56111 61368 62022 51016 55405 62412 50901 52258 61458 65932 59769 55829 62152 64495 61199 73456 56383 57653 64699 60344 58410 59881 66176 60213 60979 64213 59620 55701 58421 71024 55978 56475 55494 61959 63150 63515 55148 54033 51061 67310 56910 59440 61139 61116 72648 60294 50055 56129 61452 61139 54701 60655 63695 67098 61412 63755 59412 67264 67363 59274 55954 52207 70207 51632 57176 64728 70399 63645
53360 68474 56781 64257 60814 68071 58760 67391 50498 67574 60111 53071 58114 51858 64537 63928 58087 61111 58672 66456 55262 58561 66746 61515 67072 67138 51554 61979 62180 64551 68054 51501 56111 61368 62022 51016 55405 62412 50901 52258 61458 65932 59769 55829 62152 64495 61199 73456 56383 57653 64699 60344 58410 59881 66176 60213 60979 64213 59620 55701 58421 71024 55978 56475 55494 61959 63150 63515 55148 54033 51061 67310 56910 59440 61139 61116 72648 60294 50055 56129 61452 61139 54701 60655 63695 67098 61412 63755 59412 67264 67363 59274 55954 52207 70207 51632 57176 64728 70399 63645
53360 68474 56781 64257 60814 68071 58760 67391 50498 67574 60111 53071 58114 51858 64537 63928 58087 61111 58672 66456 55262 58561 66746 61515 67072 67138 51554 61979 62180 64551 68054 51501 56111 61368 62022 51016 55405 62412 50901 52258 61458 65932 59769 55829 62152 64495 61199 73456 56383 57653 64699 60344 58410 59881 66176 60213 60979 64213 59620 55701 58421 71024 55978 56475 55494 61959 63150 63515 55148 54033 51061 67310 56910 59440 61139 61116 72648 60294 50055 56129 61452 61139 54701 60655 63695 67098 61412 63755 59412 67264 67363 59274 55954 52207 70207 51632 57176 64728 70399 63645
53360 68474 56781 64257 60814 68071 58760 67391 50498 67574 60111 53071 58114 51858 64537 63928 58087 61111 58672 66456 55262 58561 66746 61515 67072 67138 51554 61979 62180 64551 68054 51501 56111 61368 62022 51016 55405 62412 50901 52258 61458 65932 59769 55829 62152 64495 61199 73456 56383 57653 64699 60344 58410 59881 66176 60213 60979 64213 59620 55701 58421 71024 55978 56475 55494 61959 63150 63515 55148 54033 51061 67310 56910 59440 61139 61116 72648 60294 50055 56129 61452 61139 54701 60655 63695 67098 61412 63755 59412 67264 67363 59274 55954 52207 70207 51632 57176 64728 70399 63645
53360 68474 56781 64257 60814 68071 58760 67391 50498 67574 60111 53071 58114 51858 64537 63928 58087 61111 58672 66456 55262 58561 66746 61515 67072 67138 51554 61979 62180 64551 68054 51501 56111 61368 62022 51016 55405 62412 50901 52258 61458 65932 59769 55829 62152 64495 61199 73456 56383 57653 64699 60344 58410 59881 66176 60213 60979 64213 59620 55701 58421 71024 55978 56475 55494 61959 63150 63515 55148 54033 51061 67310 56910 59440 61139 61116 72648 60294 50055 56129 61452 61139 54701 60655 63695 67098 61412 63755 59412 67264 67363 59274 55954 52207 70207 51632 57176 64728 70399 63645
53360 68474 56781 64257 60814 68071 58760 67391 50498 67574 60111 53071 58114 51858 64537 63928 58087 61111 58672 66456 55262 58561 66746 61515 67072 67138 51554 61979 62180 64551 68054 51501 56111 61368 62022 51016 55405 62412 50901 52258 61458 65932 59769 55829 62152 64495 61199 73456 56383 57653 64699 60344 58410 59881 66176 60213 60979 64213 59620 55701 58421 71024 55978 56475 55494 61959 63150 63515 55148 54033 51061 67310 56910 59440 61139 61116 72648 60294 50055 56129 61452 61139 54701 60655 63695 67098 61412 63755 59412 67264 67363 59274 55954 52207 70207 51632 57176 64728 70399 63645
53360 68474 56781 64257 60814 68071 58760 67391 50498 67574 60111 53071 58114 51858 64537 63928 58087 61111 58672 66456 55262 58561 66746 61515 67072 67138 51554 61979 62180 64551 68054 51501 56111 61368 62022 51016 55405 62412 50901 52258 61458 65932 59769 55829 62152 64495 61199 73456 56383 57653 64699 60344 58410 59881 66176 60213 60979 64213 59620 55701 58421 71024 55978 56475 55494 61959 63150 63515 55148 54033 51061 67310 56910 59440 61139 61116 72648 60294 50055 56129 61452 61139 54701 60655 63695 67098 61412 63755 59412 67264 67363 59274 55954 52207 70207 51632 57176 64728 70399 63645
53360 68474 56781 64257 60814 68071 58760 67391 50498 67574 60111 53071 58114 51858 64537 63928 58087 61111 58672 66456 55262 58561 66746 61515 67072 67138 51554 61979 62180 64551 68054 51501 56111 61368 62022 51016 55405 62412 50901 52258 61458 65932 59769 55829 62152 64495 61199 73456 56383 57653 64699 60344 58410 59881 66176 60213 60979 64213 59620 55701 58421 71024 55978 56475 55494 61959 63150 63515 55148 54033 51061 67310 56910 59440 61139 61116 72648 60294 50055 56129 61452 61139 54701 60655 63695 67098 61412 63755 59412 67264 67363 59274 55954 52207 70207 51632 57176 64728 70399 63645
53360 68474 56781 64257 60814 68071 58760 67391 50498 67574 60111 53071 58114 51858 64537 63928 58087 61111 58672 66456 55262 58561 66746 61515 67072 67138 51554 61979 62180 64551 68054 51501 56111 61368 62022 51016 55405 62412 50901 52258 61458 65932 59769 55829 62152 64495 61199 73456 56383 57653 64699 60344 58410 59881 66176 60213 60979 64213 59620 55701 58421 71024 55978 56475 55494 61959 63150 63515 55148 54033 51061 67310 56910 59440 61139 61116 72648 60294 50055 56129 61452 61139 54701 60655 63695 67098 61412 63755 59412 67264 67363 59274 55954 52207 70207 51632 57176 64728 70399 63645
53360 68474 56781 64257 60814 68071 58760 67391 50498 67574 60111 53071 58114 51858 64537 63928 58087 61111 58672 66456 55262 58561 66746 61515 67072 67138 51554 61979 62180 64551 68054 51501 56111 61368 62022 51016 55405 62412 50901 52258 61458 65932 59769 55829 62152 64495 61199 73456 56383 57653 64699 60344 58410 59881 66176 60213 60979 64213 59620 55701 58421 71024 55978 56475 55494 61959 63150 63515 55148 54033 51061 67310 56910 59440 61139 61116 72648 60294 50055 56129 61452 61139 54701 60655 63695 67098 61412 63755 59412 67264 67363 59274 55954 52207 70207 51632 57176 64728 70399 63645
53360 68474 56781 64257 60814 68071 58760 67391 50498 67574 60111 53071 58114 51858 64537 63928 58087 61111 58672 66456 55262 58561 66746 61515 67072 67138 51554 61979 62180 64551 68054 51501 56111 61368 62022 51016 55405 62412 50901 52258 61458 65932 59769 55829 62152 64495 61199 73456 56383 57653 64699 60344 58410 59881 66176 60213 60979 64213 59620 55701 58421 71024 55978 56475 55494 61959 63150 63515 55148 54033 51061 67310 56910 59440 61139 61116 72648 60294 50055 56129 61452 61139 54701 60655 63695 67098 61412 63755 59412 67264 67363 59274 55954 52207 70207 51632 57176 64728 70399 63645
53360 68474 56781 64257 60814 68071 58760 67391 50498 67574 60111 53071 58114 51858 64537 63928 58087 61111 58672 66456 55262 58561 66746 61515 67072 67138 51554 61979 62180 64551 68054 51501 56111 61368 62022 51016 55405 62412 50901 52258 61458 65932 59769 55829 62152 64495 61199 73456 56383 57653 64699 60344 58410 59881 66176 60213 60979 64213 59620 55701 58421 71024 55978 56475 55494 61959 63150 63515 55148 54033 51061 67310 56910 59440 61139 61116 72648 60294 50055 56129 61452 61139 54701 60655 63695 67098 61412 63755 59412 67264 67363 59274 55954 52207 70207 51632 57176 64728 70399 63645
53360 68474 56781 64257 60814 68071 58760 67391 50498 67574 60111 53071 58114 51858 64537 63928 58087 61111 58672 66456 55262 58561 66746 61515 67072 67138 51554 61979 62180 64551 68054 51501 56111 61368 62022 51016 55405 62412 50901 52258 61458 65932 59769 55829 62152 64495 61199 73456 56383 57653 64699 60344 58410 59881 66176 60213 60979 64213 59620 55701 58421 71024 55978 56475 55494 61959 63150 63515 55148 54033 51061 67310 56910 59440 61139 61116 72648 60294 50055 56129 61452 61139 54701 60655 63695 67098 61412 63755 59412 67264 67363 59274 55954 52207 70207 51632 57176 64728 70399 63645
53360 68474 56781 64257 60814 68071 58760 67391 50498 67574 60111 53071 58114 51858 64537 63928 58087 61111 58672 66456 55262 58561 66746 61515 67072 67138 51554 61979 62180 64551 68054 51501 56111 61368 62022 51016 55405 62412 50901 52258 61458 65932 59769 55829 62152 64495 61199 73456 56383 57653 64699 60344 58410 59881 66176 60213 60979 64213 59620 55701 58421 71024 55978 56475 55494 61959 63150 63515 55148 54033 51061 67310 56910 59440 61139 61116 72648 60294 50055 56129 61452 61139 54701 60655 63695 67098 61412 63755 59412 67264 67363 59274 55954 52207 70207 51632 57176 64728 70399 63645
53360 68474 56781 64257 60814 68071 58760 67391 50498 67574 60111 53071 58114 51858 64537 63928 58087 61111 58672 66456 55262 58561 66746 61515 67072 67138 51554 61979 62180 64551 68054 51501 56111 61368 62022 51016 55405 62412 50901 52258 61458 65932 59769 55829 62152 64495 61199 73456 56383 57653 64699 60344 58410 59881 66176 60213 60979 64213 59620 55701 58421 71024 55978 56475 55494 61959 63150 63515 55148 54033 51061 67310 56910 59440 61139 61116 72648 60294 50055 56129 61452 61139 54701 60655 63695 67098 61412 63755 59412 67264 67363 59274 55954 52207 70207 51632 57176 64728 70399 63645
53360 68474 56781 64257 60814 68071 58760 67391 50498 67574 60111 53071 58114 51858 64537 63928 58087 61111 58672 66456 55262 58561 66746 61515 67072 67138 51554 61979 62180 64551 68054 51501 56111 61368 62022 51016 55405 62412 50901 52258 61458 65932 59769 55829 62152 64495 61199 73456 56383 57653 64699 60344 58410 59881 66176 60213 60979 64213 59620 55701 58421 71024 55978 56475 55494 61959 63150 63515 55148 54033 51061 67310 56910 59440 61139 61116 72648 60294 50055 56129 61452 61139 54701 60655 63695 67098 61412 63755 59412 67264 67363 59274 55954 52207 70207 51632 57176 64728 70399 63645
53360 68474 56781 64257 60814 68071 58760 67391 50498 67574 60111 53071 58114 51858 64537 63928 58087 61111 58672 66456 55262 58561 66746 61515 67072 67138 51554 61979 62180 64551 68054 51501 56111 61368 62022 51016 55405 62412 50901 52258 61458 65932 59769 55829 62152 64495 61199 73456 56383 57653 64699 60344 58410 59881 66176 60213 60979 64213 59620 55701 58421 71024 55978 56475 55494 61959 63150 63515 55148 54033 51061 67310 56910 59440 61139 61116 72648 60294 50055 56129 61452 61139 54701 60655 63695 67098 61412 63755 59412 67264 67363 59274 55954 52207 70207 51632 57176 64728 70399 63645
53360 68474 56781 64257 60814 68071 58760 67391 50498 67574 60111 53071 58114 51858 64537 63928 58087 61111 58672 66456 55262 58561 66746 61515 67072 67138 51554 61979 62180 64551 68054 51501 56111 61368 62022 51016 55405 62412 50901 52258 61458 65932 59769 55829 62152 64495 61199 73456 56383 57653 64699 60344 58410 59881 66176 60213 60979 64213 59620 55701 58421 71024 55978 56475 55494 61959 63150 63515 55148 54033 51061 67310 56910 59440 61139 61116 72648 60294 50055 56129 61452 61139 54701 60655 63695 67098 61412 63755 59412 67264 67363 59274 55954 52207 70207 51632 57176 64728 70399 63645
53360 68474 56781 64257 60814 68071 58760 67391 50498 67574 60111 53071 58114 51858 64537 63928 58087 61111 58672 66456 55262 58561 66746 61515 67072 67138 51554 61979 62180 64551 68054 51501 56111 61368 62022 51016 55405 62412 50901 52258 61458 65932 59769 55829 62152 64495 61199 73456 56383 57653 64699 60344 58410 59881 66176 60213 60979 64213 59620 55701 58421 71024 55978 56475 55494 61959 63150 63515 55148 54033 51061 67310 56910 59440 61139 61116 72648 60294 50055 56129 61452 61139 54701 60655 63695 67098 61412 63755 59412 67264 67363 59274 55954 52207 70207 51632 57176 64728 70399 63645
53360 68474 56781 64257 60814 68071 58760 67391 50498 67574 60111 53071 58114 51858 64537 63928 58087 61111 58672 66456 55262 58561 66746 61515 67072 67138 51554 61979 62180 64551 68054 51501 56111 61368 62022 51016 55405 62412 50901 52258 61458 65932 59769 55829 62152 64495 61199 73456 56383 57653 64699 60344 58410 59881 66176 60213 60979 64213 59620 55701 58421 71024 55978 56475 55494 61959 63150 63515 55148 54033 51061 67310 56910 59440 61139 61116 72648 60294 50055 56129 61452 61139 54701 60655 63695 67098 61412 63755 59412 67264 67363 59274 55954 52207 70207 51632 57176 64728 70399 63645
53360 68474 56781 64257 60814 68071 58760 67391 50498 67574 60111 53071 58114 51858 64537 63928 58087 61111 58672 66456 55262 58561 66746 61515 67072 67138 51554 61979 62180 64551 68054 51501 56111 61368 62022 51016 55405 62412 50901 52258 61458 65932 59769 55829 62152 64495 61199 73456 56383 57653 64699 60344 58410 59881 66176 60213 60979 64213 59620 55701 58421 71024 55978 56475 55494 61959 63150 63515 55148 54033 51061 67310 56910 59440 61139 61116 72648 60294 50055 56129 61452 61139 54701 60655 63695 67098 61412 63755 59412 67264 67363 59274 55954 52207 70207 51632 57176 64728 70399 63645
53360 68474 56781 64257 60814 68071 58760 67391 50498 67574 60111 53071 58114 51858 64537 63928 58087 61111 58672 66456 55262 58561 66746 61515 67072 67138 51554 61979 62180 64551 68054 51501 56111 61368 62022 51016 55405 62412 50901 52258 61458 65932 59769 55829 62152 64495 61199 73456 56383 57653 64699 60344 58410 59881 66176 60213 60979 64213 59620 55701 58421 71024 55978 56475 55494 61959 63150 63515 55148 54033 51061 67310 56910 59440 61139 61116 72648 60294 50055 56129 61452 61139 54701 60655 63695 67098 61412 63755 59412 67264 67363 59274 55954 52207 70207 51632 57176 64728 70399 63645
53360 68474 56781 64257 60814 68071 58760 67391 50498 67574 60111 53071 58114 51858 64537 63928 58087 61111 58672 66456 55262 58561 66746 61515 67072 67138 51554 61979 62180 64551 68054 51501 56111 61368 62022 51016 55405 62412 50901 52258 61458 65932 59769 55829 62152 64495 61199 73456 56383 57653 64699 60344 58410 59881 66176 60213 60979 64213 59620 55701 58421 71024 55978 56475 55494 61959 63150 63515 55148 54033 51061 67310 56910 59440 61139 61116 72648 60294 50055 56129 61452 61139 54701 60655 63695 67098 61412 63755 59412 67264 67363 59274 55954 52207 70207 51632 57176 64728 70399 63645
53360 68474 56781 64257 60814 68071 58760 67391 50498 67574 60111 53071 58114 51858 64537 63928 58087 61111 58672 66456 55262 58561 66746 61515 67072 67138 51554 61979 62180 64551 68054 51501 56111 61368 62022 51016 55405 62412 50901 52258 61458 65932 59769 55829 62152 64495 61199 73456 56383 57653 64699 60344 58410 59881 66176 60213 60979 64213 59620 55701 58421 71024 55978 56475 55494 61959 63150 63515 55148 54033 51061 67310 56910 59440 61139 61116 72648 60294 50055 56129 61452 61139 54701 60655 63695 67098 61412 63755 59412 67264 67363 59274 55954 52207 70207 51632 57176 64728 70399 63645
53360 68474 56781 64257 60814 68071 58760 67391 50498 67574 60111 53071 58114 51858 64537 63928 58087 61111 58672 66456 55262 58561 66746 61515 67072 67138 51554 61979 62180 64551 68054 51501 56111 61368 62022 51016 55405 62412 50901 52258 61458 65932 59769 55829 62152 64495 61199 73456 56383 57653 64699 60344 58410 59881 66176 60213 60979 64213 59620 55701 58421 71024 55978 56475 55494 61959 63150 63515 55148 54033 51061 67310 56910 59440 61139 61116 72648 60294 50055 56129 61452 61139 54701 60655 63695 67098 61412 63755 59412 67264 67363 59274 55954 52207 70207 51632 57176 64728 70399 63645
53360 68474 56781 64257 60814 68071 58760 67391 50498 67574 60111 53071 58114 51858 64537 63928 58087 61111 58672 66456 55262 58561 66746 61515 67072 67138 51554 61979 62180 64551 68054 51501 56111 61368 62022 51016 55405 62412 50901 52258 61458 65932 59769 55829 62152 64495 61199 73456 56383 57653 64699 60344 58410 59881 66176 60213 60979 64213 59620 55701 58421 71024 55978 56475 55494 61959 63150 63515 55148 54033 51061 67310 56910 59440 61139 61116 72648 60294 50055 56129 61452 61139 54701 60655 63695 67098 61412 63755 59412 67264 67363 59274 55954 52207 70207 51632 57176 64728 70399 63645
53360 68474 56781 64257 60814 68071 58760 67391 50498 67574 60111 53071 58114 51858 64537 63928 58087 61111 58672 66456 55262 58561 66746 61515 67072 67138 51554 61979 62180 64551 68054 51501 56111 61368 62022 51016 55405 62412 50901 52258 61458 65932 59769 55829 62152 64495 61199 73456 56383 57653 64699 60344 58410 59881 66176 60213 60979 64213 59620 55701 58421 71024 55978 56475 55494 61959 63150 63515 55148 54033 51061 67310 56910 59440 61139 61116 72648 60294 50055 56129 61452 61139 54701 60655 63695 67098 61412 63755 59412 67264 67363 59274 55954 52207 70207 51632 57176 64728 70399 63645
53360 68474 56781 64257 60814 68071 58760 67391 50498 67574 60111 53071 58114 51858 64537 63928 58087 61111 58672 66456 55262 58561 66746 61515 67072 67138 51554 61979 62180 64551 68054 51501 56111 61368 62022 51016 55405 62412 50901 52258 61458 65932 59769 55829 62152 64495 61199 73456 56383 57653 64699 60344 58410 59881 66176 60213 60979 64213 59620 55701 58421 71024 55978 56475 55494 61959 63150 63515 55148 54033 51061 67310 56910 59440 61139 61116 72648 60294 50055 56129 61452 61139 54701 60655 63695 67098 61412 63755 59412 67264 67363 59274 55954 52207 70207 51632 57176 64728 70399 63645
53360 68474 56781 64257 60814 68071 58760 67391 50498 67574 60111 53071 58114 51858 64537 63928 58087 61111 58672 66456 55262 58561 66746 61515 67072 67138 51554 61979 62180 64551 68054 51501 56111 61368 62022 51016 55405 62412 50901 52258 61458 65932 59769 55829 62152 64495 61199 73456 56383 57653 64699 60344 58410 59881 66176 60213 60979 64213 59620 55701 58421 71024 55978 56475 55494 61959 63150 63515 55148 54033 51061 67310 56910 59440 61139 61116 72648 60294 50055 56129 61452 61139 54701 60655 63695 67098 61412 63755 59412 67264 67363 59274 55954 52207 70207 51632 57176 64728 70399 63645
53360 68474 56781 64257 60814 68071 58760 67391 50498 67574 60111 53071 58114 51858 64537 63928 58087 61111 58672 66456 55262 58561 66746 61515 67072 67138 51554 61979 62180 64551 68054 51501 56111 61368 62022 51016 55405 62412 50901 52258 61458 65932 59769 55829 62152 64495 61199 73456 56383 57653 64699 60344 58410 59881 66176 60213 60979 64213 59620 55701 58421 71024 55978 56475 55494 61959 63150 63515 55148 54033 51061 67310 56910 59440 61139 61116 72648 60294 50055 56129 61452 61139 54701 60655 63695 67098 61412 63755 59412 67264 67363 59274 55954 52207 70207 51632 57176 64728 70399 63645
53360 68474 56781 64257 60814 68071 58760 67391 50498 67574 60111 53071 58114 51858 64537 63928 58087 61111 58672 66456 55262 58561 66746 61515 67072 67138 51554 61979 62180 64551 68054 51501 56111 61368 62022 51016 55405 62412 50901 52258 61458 65932 59769 55829 62152 64495 61199 73456 56383 57653 64699 60344 58410 59881 66176 60213 60979 64213 59620 55701 58421 71024 55978 56475 55494 61959 63150 63515 55148 54033 51061 67310 56910 59440 61139 61116 72648 60294 50055 56129 61452 61139 54701 60655 63695 67098 61412 63755 59412 67264 67363 59274 55954 52207 70207 51632 57176 64728 70399 63645
53360 68474 56781 64257 60814 68071 58760 67391 50498 67574 60111 53071 58114 51858 64537 63928 58087 61111 58672 66456 55262 58561 66746 61515 67072 67138 51554 61979 62180 64551 68054 51501 56111 61368 62022 51016 55405 62412 50901 52258 61458 65932 59769 55829 62152 64495 61199 73456 56383 57653 64699 60344 58410 59881 66176 60213 60979 64213 59620 55701 58421 71024 55978 56475 55494 61959 63150 63515 55148 54033 51061 67310 56910 59440 61139 61116 72648 60294 50055 56129 61452 61139 54701 60655 63695 67098 61412 63755 59412 67264 67363 59274 55954 52207 70207 51632 57176 64728 70399 63645
53360 68474 56781 64257 60814 68071 58760 67391 50498 67574 60111 53071 58114 51858 64537 63928 58087 61111 58672 66456 55262 58561 66746 61515 67072 67138 51554 61979 62180 64551 68054 51501 56111 61368 62022 51016 55405 62412 50901 52258 61458 65932 59769 55829 62152 64495 61199 73456 56383 57653 64699 60344 58410 59881 66176 60213 60979 64213 59620 55701 58421 71024 55978 56475 55494 61959 63150 63515 55148 54033 51061 67310 56910 59440 61139 61116 72648 60294 50055 56129 61452 61139 54701 60655 63695 67098 61412 63755 59412 67264 67363 59274 55954 52207 70207 51632 57176 64728 70399 63645
53360 68474 56781 64257 60814 68071 58760 67391 50498 67574 60111 53071 58114 51858 64537 63928 58087 61111 58672 66456 55262 58561 66746 61515 67072 67138 51554 61979 62180 64551 68054 51501 56111 61368 62022 51016 55405 62412 50901 52258 61458 65932 59769 55829 62152 64495 61199 73456 56383 57653 64699 60344 58410 59881 66176 60213 60979 64213 59620 55701 58421 71024 55978 56475 55494 61959 63150 63515 55148 54033 51061 67310 56910 59440 61139 61116 72648 60294 50055 56129 61452 61139 54701 60655 63695 67098 61412 63755 59412 67264 67363 59274 55954 52207 70207 51632 57176 64728 70399 63645
53360 68474 56781 64257 60814 68071 58760 67391 50498 67574 60111 53071 58114 51858 64537 63928 58087 61111 58672 66456 55262 58561 66746 61515 67072 67138 51554 61979 62180 64551 68054 51501 56111 61368 62022 51016 55405 62412 50901 52258 61458 65932 59769 55829 62152 64495 61199 73456 56383 57653 64699 60344 58410 59881 66176 60213 60979 64213 59620 55701 58421 71024 55978 56475 55494 61959 63150 63515 55148 54033 51061 67310 56910 59440 61139 61116 72648 60294 50055 56129 61452 61139 54701 60655 63695 67098 61412 63755 59412 67264 67363 59274 55954 52207 70207 51632 57176 64728 70399 63645
53360 68474 56781 64257 60814 68071 58760 67391 50498 67574 60111 53071 58114 51858 64537 63928 58087 61111 58672 66456 55262 58561 66746 61515 67072 67138 51554 61979 62180 64551 68054 51501 56111 61368 62022 51016 55405 62412 50901 52258 61458 65932 59769 55829 62152 64495 61199 73456 56383 57653 64699 60344 58410 59881 66176 60213 60979 64213 59620 55701 58421 71024 55978 56475 55494 61959 63150 63515 55148 54033 51061 67310 56910 59440 61139 61116 72648 60294 50055 56129 61452 61139 54701 60655 63695 67098 61412 63755 59412 67264 67363 59274 55954 52207 70207 51632 57176 64728 70399 63645
53360 68474 56781 64257 60814 68071 58760 67391 50498 67574 60111 53071 58114 51858 64537 63928 58087 61111 58672 66456 55262 58561 66746 61515 67072 67138 51554 61979 62180 64551 68054 51501 56111 61368 62022 51016 55405 62412 50901 52258 61458 65932 59769 55829 62152 64495 61199 73456 56383 57653 64699 60344 58410 59881 66176 60213 60979 64213 59620 55701 58421 71024 55978 56475 55494 61959 63150 63515 55148 54033 51061 67310 56910 59440 61139 61116 72648 60294 50055 56129 61452 61139 54701 60655 63695 67098 61412 63755 59412 67264 67363 59274 55954 52207 70207 51632 57176 64728 70399 63645
53360 68474 56781 64257 60814 68071 58760 67391 50498 67574 60111 53071 58114 51858 64537 63928 58087 61111 58672 66456 55262 58561 66746 61515 67072 67138 51554 61979 62180 64551 68054 51501 56111 61368 62022 51016 55405 62412 50901 52258 61458 65932 59769 55829 62152 64495 61199 73456 56383 57653 64699 60344 58410 59881 66176 60213 60979 64213 59620 55701 58421 71024 55978 56475 55494 61959 63150 63515 55148 54033 51061 67310 56910 59440 61139 61116 72648 60294 50055 56129 61452 61139 54701 60655 63695 67098 61412 63755 59412 67264 67363 59274 55954 52207 70207 51632 57176 64728 70399 63645
53360 68474 56781 64257 60814 68071 58760 67391 50498 67574 60111 53071 58114 51858 64537 63928 58087 61111 58672 66456 55262 58561 66746 61515 67072 67138 51554 61979 62180 64551 68054 51501 56111 61368 62022 51016 55405 62412 50901 52258 61458 65932 59769 55829 62152 64495 61199 73456 56383 57653 64699 60344 58410 59881 66176 60213 60979 64213 59620 55701 58421 71024 55978 56475 55494 61959 63150 63515 55148 54033 51061 67310 56910 59440 61139 61116 72648 60294 50055 56129 61452 61139 54701 60655 63695 67098 61412 63755 59412 67264 67363 59274 55954 52207 70207 51632 57176 64728 70399 63645
53360 68474 56781 64257 60814 68071 58760 67391 50498 67574 60111 53071 58114 51858 64537 63928 58087 61111 58672 66456 55262 58561 66746 61515 67072 67138 51554 61979 62180 64551 68054 51501 56111 61368 62022 51016 55405 62412 50901 52258 61458 65932 59769 55829 62152 64495 61199 73456 56383 57653 64699 60344 58410 59881 66176 60213 60979 64213 59620 55701 58421 71024 55978 56475 55494 61959 63150 63515 55148 54033 51061 67310 56910 59440 61139 61116 72648 60294 50055 56129 61452 61139 54701 60655 63695 67098 61412 63755 59412 67264 67363 59274 55954 52207 70207 51632 57176 64728 70399 63645
53360 68474 56781 64257 60814 68071 58760 67391 50498 67574 60111 53071 58114 51858 64537 63928 58087 61111 58672 66456 55262 58561 66746 61515 67072 67138 51554 61979 62180 64551 68054 51501 56111 61368 62022 51016 55405 62412 50901 52258 61458 65932 59769 55829 62152 64495 61199 73456 56383 57653 64699 60344 58410 59881 66176 60213 60979 64213 59620 55701 58421 71024 55978 56475 55494 61959 63150 63515 55148 54033 51061 67310 56910 59440 61139 61116 72648 60294 50055 56129 61452 61139 54701 60655 63695 67098 61412 63755 59412 67264 67363 59274 55954 52207 70207 51632 57176 64728 70399 63645
53360 68474 56781 64257 60814 68071 58760 67391 50498 67574 60111 53071 58114 51858 64537 63928 58087 61111 58672 66456 55262 58561 66746 61515 67072 67138 51554 61979 62180 64551 68054 51501 56111 61368 62022 51016 55405 62412 50901 52258 61458 65932 59769 55829 62152 64495 61199 73456 56383 57653 64699 60344 58410 59881 66176 60213 60979 64213 59620 55701 58421 71024 55978 56475 55494 61959 63150 63515 55148 54033 51061 67310 56910 59440 61139 61116 72648 60294 50055 56129 61452 61139 54701 60655 63695 67098 61412 63755 59412 67264 67363 59274 55954 52207 70207 51632 57176 64728 70399 63645
53360 68474 56781 64257 60814 68071 58760 67391 50498 67574 60111 53071 58114 51858 64537 63928 58087 61111 58672 66456 55262 58561 66746 61515 67072 67138 51554 61979 62180 64551 68054 51501 56111 61368 62022 51016 55405 62412 50901 52258 61458 65932 59769 55829 62152 64495 61199 73456 56383 57653 64699 60344 58410 59881 66176 60213 60979 64213 59620 55701 58421 71024 55978 56475 55494 61959 63150 63515 55148 54033 51061 67310 56910 59440 61139 61116 72648 60294 50055 56129 61452 61139 54701 60655 63695 67098 61412 63755 59412 67264 67363 59274 55954 52207 70207 51632 57176 64728 70399 63645
53360 68474 56781 64257 60814 68071 58760 67391 50498 67574 60111 53071 58114 51858 64537 63928 58087 61111 58672 66456 55262 58561 66746 61515 67072 67138 51554 61979 62180 64551 68054 51501 56111 61368 62022 51016 55405 62412 50901 52258 61458 65932 59769 55829 62152 64495 61199 73456 56383 57653 64699 60344 58410 59881 66176 60213 60979 64213 59620 55701 58421 71024 55978 56475 55494 61959 63150 63515 55148 54033 51061 67310 56910 59440 61139 61116 72648 60294 50055 56129 61452 61139 54701 60655 63695 67098 61412 63755 59412 67264 67363 59274 55954 52207 70207 51632 57176 64728 70399 63645
53360 68474 56781 64257 60814 68071 58760 67391 50498 67574 60111 53071 58114 51858 64537 63928 58087 61111 58672 66456 55262 58561 66746 61515 67072 67138 51554 61979 62180 64551 68054 51501 56111 61368 62022 51016 55405 62412 50901 52258 61458 65932 59769 55829 62152 64495 61199 73456 56383 57653 64699 60344 58410 59881 66176 60213 60979 64213 59620 55701 58421 71024 55978 56475 55494 61959 63150 63515 55148 54033 51061 67310 56910 59440 61139 61116 72648 60294 50055 56129 61452 61139 54701 60655 63695 67098 61412 63755 59412 67264 67363 59274 55954 52207 70207 51632 57176 64728 70399 63645

Time: 0.44293793400000003